8065AE90-C07D-44AA-B271-173F1102903F.jpg,0,199,512,512,910
DSC00499.JPG,0,0,512,682,512
DSC00500.JPG,0,85,512,512,682
DSC00501.JPG,0,85,512,512,682
DSC00503.JPG,0,85,512,512,682
DSC00505.JPG,0,0,512,682,512
DSC00506.JPG,0,85,512,512,682
DSC00507.JPG,0,85,512,512,682
DSC00508.JPG,0,85,512,512,682
DSC00513.JPG,0,85,512,512,682
DSC00514.JPG,0,0,512,682,512
DSC00515.JPG,0,85,512,512,682
DSC00516.JPG,0,85,512,512,682
DSC00517.JPG,0,85,512,512,682
DSC00518.JPG,0,85,512,512,682
DSC00519.JPG,0,85,512,512,682
DSC00521.JPG,0,85,512,512,682
DSC00523.JPG,0,0,512,682,512
DSC00524.JPG,0,0,512,682,512
DSC00525.JPG,0,85,512,512,682
DSC00526.JPG,0,0,512,682,512
DSC00527.JPG,0,0,512,682,512
DSC00528.JPG,0,0,512,682,512
DSC00530.JPG,0,85,512,512,682
DSC00531.JPG,0,0,512,682,512
DSC00532.JPG,0,85,512,512,682
DSC00533.JPG,0,85,512,512,682
DSC00534.JPG,0,85,512,512,682
DSC00535.JPG,0,85,512,512,682
DSC00536.JPG,0,85,512,512,682
DSC00537.JPG,0,85,512,512,682
DSC00538.JPG,0,85,512,512,682
DSC00539.JPG,0,85,512,512,682
DSC00540.JPG,0,85,512,512,682
DSC00541.JPG,0,85,512,512,682
DSC00542.JPG,0,85,512,512,682
DSC00543.JPG,0,85,512,512,682
DSC00544.JPG,0,85,512,512,682
DSC00545.JPG,0,0,512,682,512
DSC00546.JPG,0,85,512,512,682
DSC00547.JPG,0,85,512,512,682
DSC00548.JPG,0,0,512,682,512
DSC00549.JPG,0,0,512,682,512
DSC00550.JPG,0,0,512,682,512
DSC00552.JPG,0,85,512,512,682
DSC00553.JPG,0,85,512,512,682
DSC00554.JPG,0,0,512,682,512
DSC00555.JPG,0,0,512,682,512
DSC00556.JPG,0,85,512,512,682
DSC00558.JPG,0,85,512,512,682
DSC00559.JPG,0,85,512,512,682
DSC00560.JPG,0,85,512,512,682
DSC00561.JPG,0,85,512,512,682
DSC00562.JPG,0,85,512,512,682
DSC00563.JPG,0,85,512,512,682
DSC00565.JPG,0,0,512,682,512
DSC00566.JPG,0,85,512,512,682
DSC00567.JPG,0,85,512,512,682
DSC00568.JPG,0,85,512,512,682
DSC00569.JPG,0,0,512,682,512
DSC00570.JPG,0,85,512,512,682
DSC00571.JPG,0,0,512,682,512
DSC00572.JPG,0,0,512,682,512
DSC00573.JPG,0,85,512,512,682
DSC00574.JPG,0,0,512,682,512
DSC00576.JPG,0,85,512,512,682
DSC00577.JPG,0,85,512,512,682
DSC00580.JPG,0,0,512,682,512
DSC00581.JPG,0,0,512,682,512
DSC00584.JPG,0,85,512,512,682
DSC00586.JPG,0,85,512,512,682
DSC00589.JPG,0,85,512,512,682
DSC00590.JPG,0,85,512,512,682
DSC00591.JPG,0,85,512,512,682
DSC00594.JPG,0,85,512,512,682
DSC00595.JPG,0,85,512,512,682
DSC00596.JPG,0,85,512,512,682
DSC00598.JPG,0,85,512,512,682
DSC00600.JPG,0,85,512,512,682
DSC00603.JPG,0,85,512,512,682
DSC00606.JPG,0,85,512,512,682
DSC00607.JPG,0,85,512,512,682
DSC00608.JPG,0,0,512,682,512
DSC00609.JPG,0,85,512,512,682
DSC00610.JPG,0,85,512,512,682
DSC00611.JPG,0,85,512,512,682
DSC00612.JPG,0,0,512,682,512
DSC00613.JPG,0,85,512,512,682
DSC00614.JPG,0,85,512,512,682
DSC00615.JPG,0,85,512,512,682
DSC00618.JPG,0,85,512,512,682
DSC00620.JPG,0,85,512,512,682
DSC00622.JPG,0,85,512,512,682
DSC00623.JPG,0,85,512,512,682
DSC00624.JPG,0,85,512,512,682
DSC00626.JPG,0,85,512,512,682
DSC00627.JPG,0,85,512,512,682
DSC00628.JPG,0,85,512,512,682
DSC00629.JPG,0,85,512,512,682
DSC00630.JPG,0,85,512,512,682
DSC00631.JPG,0,85,512,512,682
DSC00632.JPG,0,85,512,512,682
DSC00634.JPG,0,907,512,512,2327
DSC00635.JPG,0,85,512,512,682
DSC00636.JPG,0,85,512,512,682
DSC00637.JPG,0,85,512,512,682
DSC00638.JPG,0,85,512,512,682
DSC00639.JPG,0,85,512,512,682
DSC00640.JPG,0,85,512,512,682
DSC00641.JPG,0,85,512,512,682
DSC00644.JPG,0,85,512,512,682
DSC00645.JPG,0,85,512,512,682
DSC00646.JPG,0,85,512,512,682
DSC00647.JPG,0,85,512,512,682
DSC00648.JPG,0,85,512,512,682
DSC00649.JPG,0,85,512,512,682
DSC00651.JPG,0,0,512,682,512
DSC00652.JPG,0,0,512,682,512
DSC00653.JPG,0,85,512,512,682
DSC00654.JPG,0,85,512,512,682
DSC00655.JPG,0,85,512,512,682
DSC00656.JPG,0,0,512,682,512
DSC00657.JPG,0,0,512,682,512
DSC00658.JPG,0,0,512,682,512
DSC00659.JPG,0,85,512,512,682
DSC00661.JPG,0,85,512,512,682
DSC00662.JPG,0,85,512,512,682
DSC00663.JPG,0,85,512,512,682
DSC00664.JPG,0,85,512,512,682
DSC00665.JPG,0,85,512,512,682
DSC00666.JPG,0,85,512,512,682
DSC00667.JPG,0,85,512,512,682
DSC00668.JPG,0,85,512,512,682
DSC00669.JPG,0,85,512,512,682
DSC00670.JPG,0,85,512,512,682
DSC00672.JPG,0,85,512,512,682
DSC00673.JPG,0,0,512,682,512
DSC00674.JPG,0,85,512,512,682
DSC00675.JPG,0,85,512,512,682
DSC00676.JPG,0,85,512,512,682
DSC00677.JPG,0,85,512,512,682
DSC00680.JPG,0,85,512,512,682
DSC00681.JPG,0,85,512,512,682
DSC00682.JPG,0,85,512,512,682
DSC00683.JPG,0,85,512,512,682
DSC00684.JPG,0,85,512,512,682
DSC00685.JPG,0,85,512,512,682
DSC00686.JPG,0,85,512,512,682
DSC00687.JPG,0,85,512,512,682
DSC00688.JPG,0,85,512,512,682
DSC00689.JPG,0,85,512,512,682
DSC00690.JPG,0,85,512,512,682
DSC00691.JPG,0,85,512,512,682
DSC00692.JPG,0,0,512,682,512
DSC00693.JPG,0,85,512,512,682
DSC00694.JPG,0,85,512,512,682
DSC00695.JPG,0,85,512,512,682
DSC00696.JPG,0,85,512,512,682
DSC00697.JPG,0,85,512,512,682
DSC00699.JPG,0,85,512,512,682
DSC00700.JPG,0,85,512,512,682
DSC00701.JPG,0,85,512,512,682
DSC00702.JPG,0,85,512,512,682
DSC00703.JPG,0,85,512,512,682
DSC00704.JPG,0,85,512,512,682
DSC00705.JPG,0,85,512,512,682
DSC00706.JPG,0,85,512,512,682
DSC00707.JPG,0,85,512,512,682
DSC00708.JPG,0,85,512,512,682
DSC00709.JPG,0,85,512,512,682
DSC00710.JPG,0,85,512,512,682
DSC00711.JPG,0,85,512,512,682
DSC00712.JPG,0,85,512,512,682
DSC00713.JPG,0,0,512,682,512
DSC00714.JPG,0,85,512,512,682
DSC00715.JPG,0,85,512,512,682
DSC00716.JPG,0,85,512,512,682
DSC00717.JPG,0,85,512,512,682
DSC00718.JPG,0,85,512,512,682
DSC00719.JPG,0,85,512,512,682
DSC00720.JPG,0,85,512,512,682
DSC00721.JPG,0,0,512,682,512
DSC00722.JPG,0,85,512,512,682
DSC00723.JPG,0,85,512,512,682
DSC00724.JPG,0,85,512,512,682
DSC00725.JPG,0,85,512,512,682
DSC00726.JPG,0,85,512,512,682
DSC00727.JPG,0,85,512,512,682
DSC00728.JPG,0,85,512,512,682
DSC00729.JPG,0,0,512,682,512
DSC00731.JPG,0,85,512,512,682
DSC00732.JPG,0,85,512,512,682
DSC00733.JPG,0,85,512,512,682
DSC00734.JPG,0,85,512,512,682
DSC00735.JPG,0,85,512,512,682
DSC00736.JPG,0,85,512,512,682
DSC00737.JPG,0,85,512,512,682
DSC00739 (2).JPG,0,0,512,682,512
DSC00739.JPG,0,0,512,682,512
DSC00740.JPG,0,85,512,512,682
DSC00741.JPG,0,85,512,512,682
DSC00742.JPG,0,85,512,512,682
DSC00743.JPG,0,85,512,512,682
DSC00744.JPG,0,85,512,512,682
DSC00745.JPG,0,0,512,682,512
DSC00746.JPG,0,85,512,512,682
DSC00747.JPG,0,85,512,512,682
DSC00748.JPG,0,85,512,512,682
DSC00749.JPG,0,0,512,682,512
DSC00750.JPG,0,0,512,682,512
DSC00751.JPG,0,85,512,512,682
DSC00752.JPG,0,85,512,512,682
DSC00753.JPG,0,85,512,512,682
DSC00754.JPG,0,85,512,512,682
DSC00755.JPG,0,85,512,512,682
DSC00756.JPG,0,85,512,512,682
DSC00757.JPG,0,85,512,512,682
DSC00758.JPG,0,85,512,512,682
DSC00759.JPG,0,0,512,682,512
DSC00760.JPG,0,0,512,682,512
DSC00761.JPG,0,85,512,512,682
DSC00762.JPG,0,0,512,682,512
DSC00763.JPG,0,0,512,682,512
DSC00764.JPG,0,85,512,512,682
DSC00765.JPG,0,85,512,512,682
DSC00766.JPG,0,85,512,512,682
DSC00767.JPG,0,85,512,512,682
DSC00768.JPG,0,85,512,512,682
DSC00769.JPG,0,85,512,512,682
DSC00770.JPG,0,0,512,682,512
DSC00771.JPG,0,0,512,682,512
DSC00772.JPG,0,85,512,512,682
DSC00773.JPG,0,85,512,512,682
DSC00774.JPG,0,85,512,512,682
DSC00775.JPG,0,85,512,512,682
DSC00776.JPG,0,85,512,512,682
DSC00777.JPG,0,85,512,512,682
DSC00778.JPG,0,0,512,682,512
DSC00779.JPG,0,0,512,682,512
DSC00780.JPG,0,0,512,682,512
DSC00781.JPG,0,85,512,512,682
DSC00782.JPG,0,85,512,512,682
DSC00783.JPG,0,85,512,512,682
DSC00784.JPG,0,85,512,512,682
DSC00785.JPG,0,0,512,682,512
DSC00786.JPG,0,0,512,682,512
DSC00787.JPG,0,0,512,682,512
DSC00788.JPG,0,0,512,682,512
DSC00789.JPG,0,0,512,682,512
DSC00790.JPG,0,0,512,682,512
DSC00791.JPG,0,0,512,682,512
DSC00792.JPG,0,0,512,682,512
DSC00793.JPG,0,0,512,682,512
DSC00794.JPG,0,0,512,682,512
DSC00795.JPG,0,85,512,512,682
DSC00796.JPG,0,85,512,512,682
DSC00797.JPG,0,85,512,512,682
DSC00798.JPG,0,85,512,512,682
DSC00799.JPG,0,85,512,512,682
DSC00800.JPG,0,85,512,512,682
DSC00801.JPG,0,0,512,682,512
DSC00802.JPG,0,0,512,682,512
DSC00803.JPG,0,0,512,682,512
DSC00804.JPG,0,0,512,682,512
DSC00805.JPG,0,0,512,682,512
DSC00806.JPG,0,0,512,682,512
DSC00807.JPG,0,0,512,682,512
DSC00808.JPG,0,0,512,682,512
DSC00809.JPG,0,0,512,682,512
DSC00810.JPG,0,0,512,682,512
DSC00811.JPG,0,85,512,512,682
DSC00812.JPG,0,85,512,512,682
DSC00813.JPG,0,85,512,512,682
DSC00814.JPG,0,0,512,682,512
DSC00815.JPG,0,85,512,512,682
DSC00816.JPG,0,0,512,682,512
DSC00817.JPG,0,85,512,512,682
DSC00818.JPG,0,85,512,512,682
DSC00819.JPG,0,85,512,512,682
DSC00820.JPG,0,85,512,512,682
DSC00821.JPG,0,85,512,512,682
DSC00822.JPG,0,85,512,512,682
DSC00823.JPG,0,85,512,512,682
DSC00824.JPG,0,85,512,512,682
DSC00825.JPG,0,85,512,512,682
DSC00826.JPG,0,85,512,512,682
DSC00827.JPG,0,85,512,512,682
DSC00828.JPG,0,85,512,512,682
DSC00830.JPG,0,0,512,682,512
DSC00831.JPG,0,85,512,512,682
DSC00832.JPG,0,85,512,512,682
DSC00833.JPG,0,85,512,512,682
DSC00834.JPG,0,85,512,512,682
DSC00835.JPG,0,85,512,512,682
DSC00836.JPG,0,85,512,512,682
DSC00837.JPG,0,85,512,512,682
DSC00838.JPG,0,85,512,512,682
DSC00839.JPG,0,85,512,512,682
DSC00840.JPG,0,85,512,512,682
DSC00841.JPG,0,85,512,512,682
DSC00842.JPG,0,85,512,512,682
DSC00843.JPG,0,85,512,512,682
DSC00844.JPG,0,85,512,512,682
DSC00845.JPG,0,0,512,682,512
DSC00846.JPG,0,0,512,682,512
DSC00847.JPG,0,0,512,682,512
DSC00848.JPG,0,85,512,512,682
DSC00849.JPG,0,0,512,682,512
DSC00850.JPG,0,85,512,512,682
DSC00851.JPG,0,85,512,512,682
DSC00852.JPG,0,85,512,512,682
DSC00853.JPG,0,85,512,512,682
DSC00854.JPG,0,0,512,682,512
DSC00855.JPG,0,85,512,512,682
DSC00856.JPG,0,85,512,512,682
DSC00857.JPG,0,85,512,512,682
DSC00858.JPG,0,0,512,682,512
DSC00859.JPG,0,0,512,682,512
DSC00860.JPG,0,85,512,512,682
DSC00861.JPG,0,85,512,512,682
DSC00862.JPG,0,85,512,512,682
DSC00863.JPG,0,85,512,512,682
DSC00864.JPG,0,0,512,682,512
DSC00865.JPG,0,85,512,512,682
DSC00866.JPG,0,85,512,512,682
DSC00867.JPG,0,85,512,512,682
DSC00868.JPG,0,85,512,512,682
DSC00869.JPG,0,0,512,682,512
DSC00870.JPG,0,0,512,682,512
DSC00871.JPG,0,85,512,512,682
DSC00872.JPG,0,85,512,512,682
DSC00873.JPG,0,0,512,682,512
DSC00874.JPG,0,85,512,512,682
DSC00875.JPG,0,85,512,512,682
DSC00876.JPG,0,0,512,682,512
DSC00877.JPG,0,0,512,682,512
DSC00878.JPG,0,0,512,682,512
DSC00879.JPG,0,85,512,512,682
DSC00880.JPG,0,85,512,512,682
DSC00881.JPG,0,85,512,512,682
DSC00882.JPG,0,0,512,682,512
DSC00883.JPG,0,0,512,682,512
DSC00884.JPG,0,0,512,682,512
DSC00885.JPG,0,85,512,512,682
DSC00886.JPG,0,85,512,512,682
DSC00887.JPG,0,85,512,512,682
DSC00888.JPG,0,85,512,512,682
DSC00889.JPG,0,85,512,512,682
DSC00890.JPG,0,85,512,512,682
DSC00891.JPG,0,85,512,512,682
DSC00892.JPG,0,85,512,512,682
DSC00893.JPG,0,85,512,512,682
DSC00894.JPG,0,85,512,512,682
DSC00895.JPG,0,0,512,682,512
DSC00896.JPG,0,85,512,512,682
DSC00897.JPG,0,85,512,512,682
DSC00898.JPG,0,85,512,512,682
DSC00899.JPG,0,85,512,512,682
DSC00900.JPG,0,85,512,512,682
DSC00901.JPG,0,0,512,682,512
DSC00903.JPG,0,85,512,512,682
DSC00904.JPG,0,85,512,512,682
DSC00905.JPG,0,85,512,512,682
DSC00906.JPG,0,85,512,512,682
DSC00907.JPG,0,85,512,512,682
DSC00908.JPG,0,85,512,512,682
DSC00909.JPG,0,0,512,682,512
DSC00910.JPG,0,85,512,512,682
DSC00911.JPG,0,85,512,512,682
DSC00912.JPG,0,0,512,682,512
DSC00913.JPG,0,85,512,512,682
DSC00914.JPG,0,85,512,512,682
DSC00915.JPG,0,85,512,512,682
DSC00916.JPG,0,85,512,512,682
DSC00917.JPG,0,85,512,512,682
DSC00918.JPG,0,85,512,512,682
DSC00919.JPG,0,85,512,512,682
DSC00920.JPG,0,85,512,512,682
DSC00921.JPG,0,85,512,512,682
DSC00922.JPG,0,85,512,512,682
DSC00923.JPG,0,85,512,512,682
DSC00924.JPG,0,85,512,512,682
DSC00925.JPG,0,0,512,682,512
DSC00926.JPG,0,0,512,682,512
DSC00927.JPG,0,0,512,682,512
DSC00928.JPG,0,0,512,682,512
DSC00929.JPG,0,0,512,682,512
DSC00930.JPG,0,0,512,682,512
DSC00931.JPG,0,85,512,512,682
DSC00932.JPG,0,0,512,682,512
DSC00933.JPG,0,85,512,512,682
DSC00934.JPG,0,0,512,682,512
DSC00935.JPG,0,85,512,512,682
DSC00936.JPG,0,0,512,682,512
DSC00937.JPG,0,85,512,512,682
DSC00938.JPG,0,85,512,512,682
DSC00939.JPG,0,85,512,512,682
DSC00940.JPG,0,85,512,512,682
DSC00941.JPG,0,0,512,682,512
DSC00942.JPG,0,0,512,682,512
DSC00943.JPG,0,0,512,682,512
DSC00944.JPG,0,85,512,512,682
DSC00945.JPG,0,85,512,512,682
DSC00946.JPG,0,85,512,512,682
DSC00947.JPG,0,85,512,512,682
DSC00949.JPG,0,85,512,512,682
DSC00950.JPG,0,85,512,512,682
DSC00951.JPG,0,85,512,512,682
DSC00952.JPG,0,85,512,512,682
DSC00953.JPG,0,85,512,512,682
DSC00954.JPG,0,85,512,512,682
DSC00955.JPG,0,85,512,512,682
DSC00956.JPG,0,85,512,512,682
DSC00957.JPG,0,0,512,682,512
DSC00958.JPG,0,85,512,512,682
DSC00959.JPG,0,0,512,682,512
DSC00960.JPG,0,0,512,682,512
DSC00961.JPG,0,85,512,512,682
DSC00962.JPG,0,85,512,512,682
DSC00963.JPG,0,0,512,682,512
DSC00964.JPG,0,85,512,512,682
DSC00965.JPG,0,85,512,512,682
DSC00966.JPG,0,85,512,512,682
DSC00967.JPG,0,0,512,682,512
DSC00968.JPG,0,85,512,512,682
DSC00969.JPG,0,85,512,512,682
DSC00970.JPG,0,85,512,512,682
DSC00971.JPG,0,85,512,512,682
DSC00972.JPG,0,0,512,682,512
DSC00973.JPG,0,0,512,682,512
DSC00974.JPG,0,0,512,682,512
DSC00975.JPG,0,85,512,512,682
DSC00976.JPG,0,85,512,512,682
DSC00977.JPG,0,85,512,512,682
DSC00978.JPG,0,0,512,682,512
DSC00979.JPG,0,0,512,682,512
DSC00980.JPG,0,0,512,682,512
DSC00981.JPG,0,85,512,512,682
DSC00982.JPG,0,85,512,512,682
DSC00983.JPG,0,85,512,512,682
DSC00984.JPG,0,85,512,512,682
DSC00985.JPG,0,85,512,512,682
DSC00986.JPG,0,85,512,512,682
DSC00987.JPG,0,0,512,682,512
DSC00988.JPG,0,0,512,682,512
DSC00989.JPG,0,0,512,682,512
DSC00990.JPG,0,0,512,682,512
DSC00991.JPG,0,0,512,682,512
DSC00992.JPG,0,85,512,512,682
DSC00993.JPG,0,85,512,512,682
DSC00994.JPG,0,85,512,512,682
DSC00995.JPG,0,85,512,512,682
DSC00996.JPG,0,85,512,512,682
DSC00997.JPG,0,85,512,512,682
DSC00998.JPG,0,85,512,512,682
DSC00999.JPG,0,85,512,512,682
DSC01000.JPG,0,85,512,512,682
DSC01001.JPG,0,0,512,682,512
DSC01002.JPG,0,85,512,512,682
DSC01003.JPG,0,85,512,512,682
DSC01004.JPG,0,85,512,512,682
DSC01005.JPG,0,85,512,512,682
DSC01006.JPG,0,0,512,682,512
DSC01007.JPG,0,85,512,512,682
DSC01008.JPG,0,85,512,512,682
DSC01009.JPG,0,85,512,512,682
DSC01010.JPG,0,85,512,512,682
DSC01011.JPG,0,85,512,512,682
DSC01012.JPG,0,85,512,512,682
DSC01013.JPG,0,85,512,512,682
DSC01014.JPG,0,85,512,512,682
DSC01015.JPG,0,85,512,512,682
DSC01016.JPG,0,85,512,512,682
DSC01017.JPG,0,0,512,682,512
DSC01018.JPG,0,0,512,682,512
DSC01019.JPG,0,0,512,682,512
DSC01020.JPG,0,0,512,682,512
DSC01021.JPG,0,0,512,682,512
DSC01022.JPG,0,85,512,512,682
DSC01023.JPG,0,85,512,512,682
DSC01024.JPG,0,85,512,512,682
DSC01025.JPG,0,85,512,512,682
DSC01026.JPG,0,85,512,512,682
DSC01027.JPG,0,0,512,682,512
DSC01028.JPG,0,0,512,682,512
DSC01029.JPG,0,85,512,512,682
DSC01030.JPG,0,85,512,512,682
DSC01031.JPG,0,0,512,682,512
DSC01032.JPG,0,0,512,682,512
DSC01033.JPG,0,85,512,512,682
DSC01034.JPG,0,85,512,512,682
DSC01035.JPG,0,85,512,512,682
DSC01036.JPG,0,85,512,512,682
DSC01037.JPG,0,85,512,512,682
DSC01038.JPG,0,85,512,512,682
DSC01039.JPG,0,0,512,682,512
DSC01040.JPG,0,0,512,682,512
DSC01041.JPG,0,0,512,682,512
DSC01042.JPG,0,85,512,512,682
DSC01043.JPG,0,85,512,512,682
DSC01044.JPG,0,1438,512,512,3389
DSC01045.JPG,0,907,512,512,2327
DSC01046.JPG,0,85,512,512,682
DSC01047.JPG,0,85,512,512,682
DSC01048.JPG,0,0,512,682,512
DSC01049.JPG,0,0,512,682,512
DSC01050.JPG,0,0,512,682,512
DSC01051.JPG,0,85,512,512,682
DSC01052.JPG,0,0,512,682,512
DSC01053.JPG,0,85,512,512,682
DSC01054.JPG,0,85,512,512,682
DSC01055.JPG,0,85,512,512,682
DSC01056.JPG,0,85,512,512,682
DSC01057.JPG,0,85,512,512,682
DSC01059.JPG,0,85,512,512,682
DSC01060.JPG,0,85,512,512,682
DSC01061.JPG,0,85,512,512,682
DSC01062.JPG,0,85,512,512,682
DSC01063.JPG,0,85,512,512,682
DSC01064.JPG,0,85,512,512,682
DSC01065.JPG,0,85,512,512,682
DSC01066.JPG,0,85,512,512,682
DSC01067.JPG,0,85,512,512,682
DSC01068.JPG,0,85,512,512,682
DSC01069.JPG,0,85,512,512,682
DSC01070.JPG,0,0,512,682,512
DSC01071.JPG,0,0,512,682,512
DSC01072.JPG,0,0,512,682,512
DSC01073.JPG,0,85,512,512,682
DSC01074.JPG,0,0,512,682,512
DSC01075.JPG,0,0,512,682,512
DSC01076.JPG,0,85,512,512,682
DSC01077.JPG,0,85,512,512,682
DSC01078.JPG,0,85,512,512,682
DSC01079.JPG,0,85,512,512,682
DSC01080.JPG,0,0,512,682,512
DSC01081.JPG,0,0,512,682,512
DSC01082.JPG,0,0,512,682,512
DSC01083.JPG,0,0,512,682,512
DSC01084.JPG,0,0,512,682,512
DSC01085.JPG,0,0,512,682,512
DSC01087.JPG,0,0,512,682,512
DSC01088.JPG,0,85,512,512,682
DSC01089.JPG,0,85,512,512,682
DSC01090.JPG,0,85,512,512,682
DSC01091.JPG,0,85,512,512,682
DSC01092.JPG,0,85,512,512,682
DSC01093.JPG,0,85,512,512,682
IMG_7269.JPG,0,0,512,682,512
IMG_7272.JPG,0,0,512,682,512
IMG_7273.JPG,0,0,512,682,512
IMG_7279.JPG,0,85,512,512,682
IMG_7281.JPG,0,0,512,682,512
IMG_7282.JPG,0,0,512,682,512
IMG_7283.JPG,0,0,512,682,512
IMG_7284.JPG,0,0,512,682,512
IMG_7285.JPG,0,0,512,682,512
IMG_7286.JPG,0,85,512,512,682
IMG_7287.JPG,0,85,512,512,682
IMG_7288.JPG,0,85,512,512,682
IMG_7289.JPG,0,85,512,512,682
IMG_7290.JPG,0,85,512,512,682
IMG_7291.JPG,0,85,512,512,682
IMG_7292.JPG,0,85,512,512,682
IMG_7293.JPG,0,0,512,682,512
IMG_7294.JPG,0,0,512,682,512
IMG_7295.JPG,0,0,512,682,512
IMG_7296.JPG,0,0,512,682,512
IMG_7300.JPG,0,0,512,682,512
IMG_7301.JPG,0,0,512,682,512
IMG_7302.JPG,0,0,512,682,512
IMG_7307.JPG,0,85,512,512,682
IMG_7308.JPG,0,85,512,512,682
IMG_7309.JPG,0,85,512,512,682
IMG_7310.JPG,0,85,512,512,682
IMG_7321.JPG,0,85,512,512,682
IMG_7322.JPG,0,0,512,682,512
IMG_7326.JPG,0,0,512,682,512
IMG_7329.JPG,0,0,512,682,512
IMG_7334.JPG,0,85,512,512,682
IMG_7335.JPG,0,85,512,512,682
IMG_7336.JPG,0,85,512,512,682
IMG_7337.JPG,0,85,512,512,682
IMG_7338.JPG,0,85,512,512,682
IMG_7349.JPG,0,85,512,512,682
IMG_7350.JPG,0,85,512,512,682
IMG_7351.JPG,0,0,512,682,512
IMG_7352.JPG,0,0,512,682,512
IMG_7353.JPG,0,0,512,682,512
IMG_7363.JPG,0,85,512,512,682
IMG_7364.JPG,0,85,512,512,682
IMG_7365.JPG,0,85,512,512,682
IMG_7366.JPG,0,85,512,512,682
IMG_7367.JPG,0,0,512,682,512
IMG_7368.JPG,0,85,512,512,682
IMG_7369.JPG,0,85,512,512,682
IMG_7370.JPG,0,0,512,682,512
IMG_7371.JPG,0,0,512,682,512
IMG_7372.JPG,0,0,512,682,512
IMG_7379.JPG,0,0,512,682,512
IMG_7380.JPG,0,85,512,512,682
IMG_7382.JPG,0,0,512,682,512
IMG_7383.JPG,0,0,512,682,512
IMG_7384.JPG,0,0,512,682,512
IMG_7385.JPG,0,0,512,682,512
IMG_7386.JPG,0,85,512,512,682
IMG_7387.JPG,0,85,512,512,682
IMG_7388.JPG,0,85,512,512,682
IMG_7389.JPG,0,0,512,682,512
IMG_7393.JPG,0,0,512,682,512
IMG_7394.JPG,0,0,512,682,512
IMG_7395.JPG,0,0,512,682,512
IMG_7396.JPG,0,0,512,682,512
IMG_7397.JPG,0,0,512,682,512
IMG_7398.JPG,0,0,512,682,512
IMG_7399.JPG,0,85,512,512,682
IMG_7400.JPG,0,85,512,512,682
IMG_7401.JPG,0,0,512,682,512
IMG_7402.JPG,0,0,512,682,512
IMG_7403.JPG,0,85,512,512,682
IMG_7404.JPG,0,0,512,682,512
IMG_7405.JPG,0,85,512,512,682
IMG_7406.JPG,0,85,512,512,682
IMG_7407.JPG,0,0,512,682,512
IMG_7408.JPG,0,85,512,512,682
IMG_7409.JPG,0,0,512,682,512
IMG_7410.JPG,0,0,512,682,512
IMG_7411.JPG,0,0,512,682,512
IMG_7412.JPG,0,0,512,682,512
IMG_7413.JPG,0,0,512,682,512
IMG_7414.JPG,0,0,512,682,512
IMG_7417.JPG,0,85,512,512,682
IMG_7418.JPG,0,85,512,512,682
IMG_7419.JPG,0,85,512,512,682
IMG_7420.JPG,0,85,512,512,682
IMG_7421.JPG,0,85,512,512,682
IMG_7422.JPG,0,85,512,512,682
IMG_7423.JPG,0,85,512,512,682
IMG_7424.JPG,0,85,512,512,682
IMG_7425.JPG,0,85,512,512,682
IMG_7426.JPG,0,85,512,512,682
IMG_7427.JPG,0,85,512,512,682
IMG_7428.JPG,0,85,512,512,682
IMG_7429.JPG,0,85,512,512,682
IMG_7430.JPG,0,85,512,512,682
IMG_7431.JPG,0,85,512,512,682
IMG_7432.JPG,0,85,512,512,682
IMG_7433.JPG,0,85,512,512,682
IMG_7434.JPG,0,85,512,512,682
IMG_7435.JPG,0,0,512,682,512
IMG_7436.JPG,0,0,512,682,512
IMG_7437.JPG,0,0,512,682,512
IMG_7438.JPG,0,0,512,682,512
IMG_7440.JPG,0,85,512,512,682
IMG_7441.JPG,0,85,512,512,682
IMG_7442.JPG,0,85,512,512,682
IMG_7443.JPG,0,85,512,512,682
IMG_7444.JPG,0,85,512,512,682
IMG_7445.JPG,0,0,512,682,512
IMG_7446.JPG,0,85,512,512,682
IMG_7447.JPG,0,85,512,512,682
IMG_7448.JPG,0,85,512,512,682
IMG_7450.JPG,0,85,512,512,682
IMG_7451.JPG,0,85,512,512,682
IMG_7452.JPG,0,85,512,512,682
IMG_7453.JPG,0,0,512,682,512
IMG_7454.JPG,0,85,512,512,682
IMG_7455.JPG,0,85,512,512,682
IMG_7456.JPG,0,85,512,512,682
IMG_7457.JPG,0,85,512,512,682
IMG_7458.JPG,0,0,512,682,512
IMG_7460.JPG,0,0,512,682,512
IMG_7461.JPG,0,0,512,682,512
IMG_7463.JPG,0,0,512,682,512
IMG_7464.JPG,0,0,512,682,512
IMG_7465.JPG,0,85,512,512,682
IMG_7466.JPG,0,85,512,512,682
IMG_7467.JPG,0,85,512,512,682
IMG_7468.JPG,0,85,512,512,682
IMG_7528.JPG,0,0,512,682,512
IMG_7529.JPG,0,0,512,682,512
IMG_7532.JPG,0,0,512,682,512
IMG_7533.JPG,0,0,512,682,512
IMG_7534.JPG,0,0,512,682,512
IMG_7554.JPG,0,0,512,682,512
IMG_7555.JPG,0,0,512,682,512
IMG_7556.JPG,0,0,512,682,512
IMG_7557.JPG,0,0,512,682,512
IMG_7558.JPG,0,0,512,682,512
IMG_7559.JPG,0,0,512,682,512
IMG_7560.JPG,0,0,512,682,512
IMG_7561.JPG,0,0,512,682,512
IMG_7594.JPG,0,0,512,682,512
IMG_7595.JPG,0,0,512,682,512
IMG_7596.JPG,0,85,512,512,682
IMG_7597.JPG,0,85,512,512,682
IMG_7598.JPG,0,85,512,512,682
IMG_7599.JPG,0,0,512,682,512
