IMG_7409.JPG,170,0,512,682,512
IMG_7411.JPG,220,45,460,682,512
IMG_7410.JPG,200,45,460,682,512
IMG_7412.JPG,255,105,358,682,512
IMG_7414.JPG,200,100,409,682,512
IMG_7389.JPG,40,5,460,682,512
IMG_7386.JPG,10,61,409,512,682
IMG_7387.JPG,10,0,409,512,682
IMG_7388.JPG,15,0,358,512,682
IMG_7308.JPG,140,200,358,512,682
IMG_7463.JPG,162,43,409,682,512
IMG_7464.JPG,190,100,409,682,512
IMG_7465.JPG,150,210,358,512,682
IMG_7467.JPG,95,90,358,512,682
IMG_7468.JPG,110,235,358,512,682
IMG_7455.JPG,95,150,358,512,682
DSC001283.JPG,87,0,409,682,512
DSC00996.JPG,75,138,409,512,682
DSC00999.JPG,85,155,358,512,682
DSC01000.JPG,45,125,460,512,682
DSC00994.JPG,50,225,409,512,682
DSC00977.JPG,105,255,358,512,682
DSC00974.JPG,90,95,409,682,512
DSC01092.JPG,0,195,409,512,682
DSC01093.JPG,55,245,358,512,682
DSC00953.JPG,0,170,358,512,682
DSC00952.JPG,75,15,409,512,682
DSC00945.JPG,150,320,358,512,682
DSC00946.JPG,100,24,409,512,682
DSC00944.JPG,35,160,409,512,682
DSC00934.JPG,100,100,409,682,512
DSC00935.JPG,0,95,460,512,682
DSC00713.JPG,10,0,512,682,512
DSC00939.JPG,0,40,512,512,682
DSC00938.JPG,20,111,409,512,682
DSC00937.JPG,30,105,409,512,682
DSC00936.JPG,100,70,358,682,512
DSC00554.JPG,145,49,460,682,512
IMG_7336.JPG,90,115,358,512,682
IMG_7337.JPG,100,55,409,512,682
IMG_7338.JPG,85,50,409,512,682
IMG_7335.JPG,150,110,358,512,682
IMG_7334.JPG,140,100,358,512,682
DSC01049.JPG,40,10,409,682,512
DSC01048.JPG,65,0,460,682,512
DSC01046.JPG,0,320,358,512,682
DSC000803.JPG,20,25,358,512,682
DSC000804.JPG,0,100,512,512,682
IMG_7372.JPG,107,50,460,682,512
DSC00998.JPG,100,145,409,512,682
DSC00997.JPG,15,185,358,512,682
DSC001205.JPG,0,115,409,512,682
DSC001204.JPG,50,125,358,512,682
IMG_7397.JPG,92,58,409,682,512
IMG_7300.JPG,110,0,512,682,512
IMG_7371.JPG,0,110,358,682,512
IMG_7382.JPG,220,55,358,682,512
IMG_7368.JPG,0,160,512,512,682
IMG_7453.JPG,170,0,512,682,512
IMG_7393.JPG,139,49,460,682,512
IMG_7394.JPG,214,49,460,682,512
DSC00967.JPG,152,10,460,682,512
DSC00969.JPG,0,136,512,512,682
DSC00971.JPG,0,55,512,512,682
DSC00970.JPG,100,265,409,512,682
DSC00968.JPG,24,196,409,512,682
DSC00949.JPG,95,230,409,512,682
IMG_7417.JPG,150,0,358,512,682
DSC00923.JPG,0,140,358,512,682
DSC01457.JPG,100,0,409,512,682
DSC01458.JPG,50,0,460,512,682
DSC00933.JPG,29,193,409,512,682
DSC00960.JPG,160,5,460,682,512
DSC00959.JPG,200,55,358,682,512
DSC00928.JPG,75,145,358,682,512
DSC00929.JPG,110,135,358,682,512
DSC001115.JPG,0,0,358,512,682
IMG_7282.JPG,85,0,512,682,512
DSC01487.JPG,150,110,358,512,682
DSC00785.JPG,0,35,460,682,512
DSC001285.JPG,85,270,409,512,682
DSC001267.JPG,150,250,358,512,682
DSC001265.JPG,270,95,409,682,512
DSC001266.JPG,210,0,460,682,512
DSC001264.JPG,168,0,512,682,512
DSC001255.JPG,5,72,460,512,682
DSC001256.JPG,0,145,460,512,682
DSC001254.JPG,10,145,409,512,682
DSC001262.JPG,15,155,460,512,682
DSC001258.JPG,55,225,358,512,682
DSC00737.JPG,0,165,512,512,682
DSC000913.JPG,100,190,409,512,682
DSC01703.JPG,55,150,409,512,682
DSC01704.JPG,0,165,512,512,682
DSC01702.JPG,0,0,358,682,512
DSC01701.JPG,15,0,409,682,512
DSC01753.JPG,90,240,409,512,682
DSC01754.JPG,25,25,460,682,512
DSC01755.JPG,0,50,460,682,512
DSC01757.JPG,115,70,358,682,512
DSC01758.JPG,60,75,358,682,512
DSC01756.JPG,20,50,460,682,512
DSC01439.JPG,200,0,460,682,512
IMG_7367.JPG,145,0,512,682,512
DSC00675.JPG,0,15,512,512,682
DSC01056.JPG,75,205,358,512,682
DSC00553.JPG,50,206,460,512,682
DSC00947.JPG,0,0,409,512,682
DSC01037.JPG,77,162,358,512,682
DSC01548.JPG,77,162,358,512,682
DSC01007.JPG,77,162,358,512,682
DSC01008.JPG,77,162,358,512,682
DSC01806.JPG,77,162,358,512,682
DSC01537.JPG,77,162,358,512,682
DSC001247.JPG,0,150,358,512,682
DSC00922.JPG,77,162,358,512,682
DSC01533.JPG,0,196,460,512,682
DSC00793.JPG,167,77,358,682,512
DSC000970.JPG,0,0,512,682,512
DSC000968.JPG,106,64,409,682,512
DSC00789.JPG,58,29,460,682,512
DSC00790.JPG,45,0,512,682,512
DSC00794.JPG,265,45,358,682,512
DSC00791.JPG,160,45,460,682,512
DSC00792.JPG,210,95,409,682,512
DSC00787.JPG,10,0,512,682,512
DSC00788.JPG,0,0,512,682,512
DSC000784.JPG,0,134,512,512,682
DSC000790.JPG,84,10,358,512,682
DSC000788.JPG,85,200,358,512,682
DSC000782.JPG,95,205,409,512,682
DSC000783.JPG,95,200,409,512,682
DSC000781.JPG,100,205,409,512,682
DSC000785.JPG,100,270,409,512,682
DSC000786.JPG,100,255,409,512,682
DSC00500.JPG,10,0,409,512,682
DSC00499.JPG,270,90,409,682,512
DSC001006.JPG,0,100,409,682,512
DSC001007.JPG,0,0,512,682,512
DSC001117.JPG,145,190,358,512,682
DSC001116.JPG,150,285,358,512,682
DSC00903.JPG,140,320,358,512,682
DSC001324.JPG,44,106,460,512,682
DSC001325.JPG,86,27,460,682,512
DSC01742.JPG,0,0,409,512,682
DSC000816.JPG,0,170,512,512,682
DSC000815.JPG,0,5,512,512,682
DSC000811.JPG,100,34,409,512,682
DSC000813.JPG,100,115,409,512,682
DSC000812.JPG,100,150,409,512,682
DSC000814.JPG,85,95,409,512,682
DSC000817.JPG,95,220,358,512,682
DSC001028.JPG,45,180,460,512,682
DSC01825.JPG,100,40,409,512,682
DSC01039.JPG,10,0,512,682,512
DSC01040.JPG,49,70,409,682,512
DSC01041.JPG,170,0,512,682,512
DSC01696.JPG,0,200,409,512,682
IMG_7287.JPG,25,167,358,512,682
8065AE90-C07D-44AA-B271-173F1102903F.jpg,50,20,460,512,910
IMG_7272.JPG,110,45,460,682,512
IMG_7273.JPG,100,50,460,682,512
IMG_7292.JPG,90,95,358,512,682
IMG_7291.JPG,0,50,512,512,682
IMG_7532.JPG,220,20,409,682,512
IMG_7533.JPG,45,0,512,682,512
IMG_7534.JPG,45,0,512,682,512
DSC01366.JPG,63,15,409,512,682
DSC01796.JPG,117,5,460,682,512
DSC01797.JPG,171,10,460,682,512
DSC000991.JPG,70,50,460,682,512
DSC000988.JPG,310,120,358,682,512
DSC000993.JPG,250,85,409,682,512
DSC000994.JPG,50,210,460,512,682
DSC000986.JPG,0,50,460,682,512
DSC000987.JPG,5,0,512,682,512
DSC000982.JPG,55,70,358,682,512
DSC000979.JPG,35,10,460,512,682
DSC000980.JPG,101,49,409,682,512
DSC000967.JPG,0,0,512,682,512
DSC000966.JPG,38,154,409,512,682
DSC000971.JPG,0,70,512,512,682
DSC000959.JPG,100,158,409,512,682
DSC00740.JPG,0,95,460,512,682
DSC00739 (2).JPG,50,150,358,682,512
DSC00739.JPG,50,150,358,682,512
DSC00749.JPG,20,0,512,682,512
DSC00750.JPG,37,0,512,682,512
DSC00816.JPG,255,95,409,682,512
DSC001149.JPG,45,169,358,512,682
DSC01764.JPG,49,0,460,512,682
DSC01765.JPG,0,170,512,512,682
DSC01420.JPG,0,158,512,512,682
DSC01423.JPG,100,185,409,512,682
DSC01422.JPG,85,48,409,512,682
DSC01421.JPG,85,69,409,512,682
DSC01820.JPG,95,240,358,512,682
DSC00758.JPG,34,255,409,512,682
DSC00757.JPG,5,205,358,512,682
DSC00765.JPG,0,50,460,512,682
DSC000765.JPG,0,50,460,512,682
DSC00754.JPG,0,0,460,512,682
DSC00760.JPG,69,15,460,682,512
DSC00753.JPG,0,125,358,512,682
DSC00763.JPG,0,0,512,682,512
DSC00762.JPG,89,0,512,682,512
DSC00766.JPG,0,200,460,512,682
DSC00767.JPG,49,140,460,512,682
DSC00759.JPG,10,0,512,682,512
DSC00764.JPG,0,65,512,512,682
DSC00756.JPG,0,144,512,512,682
DSC00761.JPG,0,15,358,512,682
DSC00755.JPG,0,55,409,512,682
DSC00752.JPG,0,140,512,512,682
DSC01379.JPG,55,50,409,512,682
DSC01378.JPG,25,210,460,512,682
IMG_7435.JPG,42,35,460,682,512
IMG_7436.JPG,50,0,512,682,512
DSC00702.JPG,49,48,460,512,682
IMG_7428.JPG,50,130,409,512,682
IMG_7429.JPG,45,150,409,512,682
IMG_7427.JPG,50,170,409,512,682
IMG_7426.JPG,25,129,460,512,682
IMG_7425.JPG,25,124,460,512,682
IMG_7424.JPG,0,85,512,512,682
IMG_7423.JPG,0,245,409,512,682
IMG_7422.JPG,100,250,409,512,682
IMG_7442.JPG,110,210,358,512,682
IMG_7443.JPG,0,140,512,512,682
DSC00703.JPG,75,245,409,512,682
IMG_7421.JPG,49,115,460,512,682
IMG_7432.JPG,5,190,409,512,682
IMG_7441.JPG,5,145,358,512,682
IMG_7440.JPG,5,165,358,512,682
IMG_7430.JPG,87,170,409,512,682
IMG_7326.JPG,315,0,358,682,512
IMG_7402.JPG,60,50,460,682,512
IMG_7401.JPG,60,50,460,682,512
IMG_7364.JPG,47,165,358,512,682
IMG_7363.JPG,49,25,460,512,682
DSC00692.JPG,190,10,409,682,512
DSC00691.JPG,150,110,358,512,682
IMG_7438.JPG,75,20,409,682,512
IMG_7437.JPG,5,130,358,682,512
IMG_7460.JPG,45,0,512,682,512
IMG_7461.JPG,150,0,512,682,512
IMG_7351.JPG,265,0,409,682,512
IMG_7329.JPG,145,0,358,682,512
IMG_7369.JPG,0,215,460,512,682
IMG_7408.JPG,20,35,460,512,682
IMG_7400.JPG,34,189,460,512,682
IMG_7413.JPG,10,0,512,682,512
IMG_7398.JPG,290,40,358,682,512
IMG_7399.JPG,85,265,358,512,682
DSC00868.JPG,150,150,358,512,682
DSC00867.JPG,100,100,409,512,682
DSC00932.JPG,190,0,358,682,512
IMG_7406.JPG,40,70,460,512,682
IMG_7405.JPG,0,20,512,512,682
IMG_7404.JPG,80,35,358,682,512
IMG_7403.JPG,0,0,512,512,682
IMG_7407.JPG,82,30,460,682,512
IMG_7454.JPG,0,265,409,512,682
DSC00683.JPG,0,10,512,512,682
DSC00684.JPG,0,5,512,512,682
DSC00697.JPG,35,215,358,512,682
DSC00930.JPG,205,5,460,682,512
DSC00680.JPG,85,70,409,512,682
DSC00681.JPG,0,155,512,512,682
DSC00682.JPG,25,97,358,512,682
DSC001284.JPG,130,15,358,512,682
DSC001281.JPG,106,89,358,512,682
DSC001279.JPG,90,280,358,512,682
DSC01024.JPG,10,230,358,512,682
DSC01047.JPG,0,0,358,512,682
DSC00991.JPG,190,15,460,682,512
DSC00990.JPG,185,10,460,682,512
DSC00989.JPG,195,50,409,682,512
DSC00988.JPG,195,50,409,682,512
DSC00986.JPG,100,160,409,512,682
DSC00987.JPG,150,0,512,682,512
DSC01001.JPG,115,0,512,682,512
DSC01002.JPG,0,155,512,512,682
DSC01003.JPG,150,310,358,512,682
DSC01004.JPG,150,305,358,512,682
DSC01030.JPG,0,265,409,512,682
DSC00931.JPG,0,165,512,512,682
DSC01059.JPG,55,5,358,512,682
DSC01060.JPG,5,0,358,512,682
DSC01079.JPG,48,0,409,512,682
DSC01078.JPG,5,56,409,512,682
DSC01077.JPG,0,25,512,512,682
DSC00591.JPG,0,62,460,512,682
DSC01073.JPG,80,270,409,512,682
DSC00527.JPG,71,0,409,682,512
DSC01433.JPG,0,10,409,682,512
DSC001005.JPG,50,0,460,512,682
DSC001263.JPG,0,15,512,512,682
DSC001311.JPG,50,110,409,512,682
DSC001312.JPG,10,0,460,512,682
DSC001314.JPG,70,20,409,512,682
DSC001096.JPG,41,10,409,512,682
DSC01074.JPG,255,140,358,682,512
DSC00507.JPG,50,200,460,512,682
DSC00506.JPG,95,230,358,512,682
DSC00530.JPG,80,250,358,512,682
DSC00537.JPG,0,168,512,512,682
DSC00866.JPG,25,218,358,512,682
DSC00864.JPG,169,0,512,682,512
DSC00865.JPG,0,195,460,512,682
DSC00878.JPG,50,50,460,682,512
DSC00877.JPG,140,49,460,682,512
DSC00872.JPG,90,245,409,512,682
DSC00873.JPG,135,100,409,682,512
DSC00880.JPG,0,30,512,512,682
DSC00879.JPG,0,164,512,512,682
DSC00545.JPG,105,10,409,682,512
DSC00544.JPG,0,50,409,512,682
DSC01346.JPG,49,204,460,512,682
DSC01344.JPG,100,175,409,512,682
DSC01345.JPG,100,0,409,512,682
DSC01343.JPG,0,50,512,512,682
DSC01342.JPG,140,155,358,512,682
DSC01341.JPG,125,0,358,512,682
DSC01339.JPG,85,180,409,512,682
DSC00871.JPG,150,320,358,512,682
DSC00874.JPG,60,270,409,512,682
DSC00885.JPG,15,10,409,512,682
DSC00897.JPG,45,135,409,512,682
DSC00896.JPG,0,35,512,512,682
DSC00918.JPG,145,150,358,512,682
DSC00917.JPG,34,61,358,512,682
DSC00777.JPG,49,103,460,512,682
DSC00776.JPG,0,95,512,512,682
DSC00775.JPG,35,180,460,512,682
DSC00774.JPG,0,108,358,512,682
IMG_7380.JPG,150,275,358,512,682
DSC01805.JPG,49,39,460,512,682
DSC01520.JPG,0,160,512,512,682
DSC01804.JPG,170,0,512,682,512
DSC01781.JPG,0,0,358,682,512
DSC01779.JPG,0,15,460,512,682
DSC01782.JPG,145,100,358,512,682
DSC01780.JPG,45,150,409,512,682
DSC01788.JPG,0,125,460,512,682
DSC01789.JPG,20,0,512,682,512
DSC01790.JPG,37,0,460,682,512
DSC01784.JPG,49,245,409,512,682
DSC01785.JPG,75,255,409,512,682
DSC01783.JPG,30,255,409,512,682
DSC01786.JPG,20,0,460,682,512
IMG_7597.JPG,145,65,358,512,682
IMG_7596.JPG,150,65,358,512,682
DSC001124.JPG,0,120,512,512,682
DSC000736.JPG,0,150,512,512,682
DSC00736.JPG,0,150,512,512,682
DSC00733.JPG,0,75,460,512,682
DSC00734.JPG,50,140,460,512,682
DSC00735.JPG,0,123,512,512,682
DSC00723.JPG,0,290,358,512,682
DSC00724.JPG,28,203,409,512,682
IMG_7322.JPG,110,0,512,682,512
IMG_7321.JPG,50,0,460,512,682
DSC00721.JPG,125,150,358,682,512
DSC00611.JPG,35,110,460,512,682
DSC00610.JPG,0,115,512,512,682
DSC00651.JPG,145,85,358,682,512
DSC00639.JPG,10,50,460,512,682
DSC00584.JPG,0,170,512,512,682
DSC00548.JPG,90,115,358,682,512
DSC00693.JPG,0,125,512,512,682
DSC00711.JPG,0,80,460,512,682
DSC00712.JPG,0,0,512,512,682
DSC001298.JPG,135,0,512,682,512
DSC01811.JPG,50,190,460,512,682
DSC01534.JPG,290,72,358,682,512
DSC000776.JPG,30,145,409,512,682
DSC000775.JPG,0,125,409,512,682
DSC01807.JPG,180,100,409,682,512
DSC01810.JPG,75,215,409,512,682
DSC01812.JPG,0,5,409,512,682
DSC01813.JPG,50,85,460,512,682
DSC01809.JPG,25,210,460,512,682
DSC01725.JPG,20,20,460,682,512
DSC01722.JPG,20,200,460,512,682
DSC01724.JPG,0,25,512,512,682
DSC01726.JPG,5,150,460,512,682
DSC01723.JPG,50,90,460,512,682
DSC01730.JPG,185,70,409,682,512
DSC001323.JPG,0,100,512,512,682
DSC001322.JPG,0,105,512,512,682
DSC001321.JPG,0,0,512,512,682
DSC001320.JPG,0,10,512,512,682
DSC00778.JPG,74,0,460,682,512
DSC00780.JPG,219,15,460,682,512
DSC00779.JPG,230,5,409,682,512
DSC000977.JPG,100,145,358,682,512
DSC01822.JPG,0,115,358,512,682
DSC00822.JPG,60,120,409,512,682
DSC00729.JPG,239,100,409,682,512
DSC00830.JPG,91,0,409,682,512
DSC00521.JPG,10,5,358,512,682
DSC00686.JPG,0,105,512,512,682
DSC00685.JPG,0,150,512,512,682
IMG_7269.JPG,113,25,358,682,512
DSC000969.JPG,145,140,358,682,512
DSC000778.JPG,0,270,409,512,682
DSC00543.JPG,150,0,358,512,682
DSC00518.JPG,40,120,358,512,682
DSC00546.JPG,0,112,358,512,682
DSC01340.JPG,0,95,512,512,682
DSC01337.JPG,95,190,358,512,682
DSC01338.JPG,100,190,358,512,682
DSC00881.JPG,100,0,409,512,682
DSC01075.JPG,60,50,460,682,512
DSC00911.JPG,150,210,358,512,682
DSC00910.JPG,100,205,409,512,682
DSC00904.JPG,100,140,409,512,682
DSC00906.JPG,90,135,409,512,682
DSC00905.JPG,100,10,409,512,682
DSC01465.JPG,95,125,409,512,682
DSC01466.JPG,95,190,409,512,682
DSC00508.JPG,100,150,409,512,682
DSC00884.JPG,146,25,409,682,512
DSC01370.JPG,0,10,512,512,682
DSC01369.JPG,0,0,512,512,682
DSC00819.JPG,99,83,409,512,682
DSC001151.JPG,100,95,409,512,682
DSC001150.JPG,95,100,409,512,682
DSC000942.JPG,25,130,460,512,682
DSC001318.JPG,100,151,409,512,682
DSC001317.JPG,85,60,358,512,682
DSC001155.JPG,0,80,409,512,682
DSC001154.JPG,5,105,358,512,682
DSC01468.JPG,90,240,409,512,682
DSC01578.JPG,0,60,512,512,682
DSC01579.JPG,85,105,358,512,682
DSC01630.JPG,25,219,460,512,682
DSC01407.JPG,0,140,512,512,682
DSC01467.JPG,50,95,409,512,682
DSC01634.JPG,0,145,460,512,682
DSC01632.JPG,0,150,512,512,682
DSC01633.JPG,0,135,512,512,682
DSC01631.JPG,0,195,409,512,682
DSC01359.JPG,125,50,358,512,682
DSC01360.JPG,62,120,358,512,682
DSC01358.JPG,0,100,512,512,682
DSC00828.JPG,50,105,460,512,682
DSC001287.JPG,85,205,358,512,682
IMG_7301.JPG,0,90,409,682,512
IMG_7302.JPG,0,100,409,682,512
IMG_7279.JPG,0,145,358,512,682
IMG_7445.JPG,280,50,358,682,512
IMG_7431.JPG,0,74,512,512,682
DSC01485.JPG,50,0,460,512,682
DSC01484.JPG,50,15,460,512,682
DSC01482.JPG,50,50,409,512,682
DSC01481.JPG,0,15,512,512,682
DSC01483.JPG,0,0,512,512,682
DSC01486.JPG,0,0,512,512,682
DSC01683.JPG,0,170,512,512,682
DSC01684.JPG,0,45,512,512,682
DSC01682.JPG,25,180,409,512,682
DSC01688.JPG,0,0,512,512,682
DSC01692.JPG,50,220,460,512,682
DSC001021.JPG,50,200,460,512,682
DSC00993.JPG,50,105,358,512,682
DSC00992.JPG,55,150,358,512,682
DSC01009.JPG,0,105,358,512,682
DSC00719.JPG,50,270,409,512,682
DSC00720.JPG,75,75,409,512,682
DSC00801.JPG,145,80,409,682,512
DSC00802.JPG,116,72,409,682,512
DSC00805.JPG,122,10,460,682,512
DSC00810.JPG,69,0,512,682,512
DSC00806.JPG,150,0,512,682,512
DSC00811.JPG,0,5,460,512,682
DSC00804.JPG,111,30,409,682,512
DSC00803.JPG,130,50,409,682,512
DSC00812.JPG,72,15,409,512,682
DSC00863.JPG,100,215,409,512,682
DSC00538.JPG,15,0,358,512,682
DSC00796.JPG,0,155,409,512,682
DSC00799.JPG,15,100,409,512,682
DSC00800.JPG,10,0,409,512,682
DSC00916.JPG,50,275,358,512,682
DSC01053.JPG,0,315,358,512,682
DSC01055.JPG,10,220,460,512,682
DSC01054.JPG,5,20,409,512,682
DSC00540.JPG,150,190,358,512,682
DSC00536.JPG,55,0,409,512,682
DSC00535.JPG,0,180,409,512,682
DSC01084.JPG,45,50,460,682,512
DSC01083.JPG,35,0,409,682,512
DSC001102.JPG,75,0,409,512,682
DSC001100.JPG,100,0,409,512,682
DSC001098.JPG,105,215,358,512,682
DSC001099.JPG,95,310,358,512,682
DSC001101.JPG,0,10,460,512,682
DSC001114.JPG,150,0,358,512,682
DSC00704.JPG,0,50,512,512,682
DSC00705.JPG,0,0,512,512,682
IMG_7448.JPG,45,0,409,512,682
IMG_7446.JPG,0,5,512,512,682
IMG_7447.JPG,45,175,409,512,682
IMG_7450.JPG,50,35,460,512,682
IMG_7444.JPG,0,55,512,512,682
IMG_7419.JPG,0,155,512,512,682
IMG_7420.JPG,50,190,409,512,682
IMG_7434.JPG,95,190,409,512,682
IMG_7433.JPG,80,230,409,512,682
IMG_7456.JPG,60,85,409,512,682
IMG_7457.JPG,60,85,358,512,682
DSC01031.JPG,150,0,512,682,512
DSC01034.JPG,100,205,409,512,682
DSC01036.JPG,50,320,358,512,682
DSC01010.JPG,50,195,460,512,682
DSC00985.JPG,20,120,358,512,682
DSC01038.JPG,150,165,358,512,682
DSC00995.JPG,45,160,460,512,682
DSC01011.JPG,115,90,358,512,682
DSC01035.JPG,140,265,358,512,682
DSC001108.JPG,0,220,409,512,682
DSC00941.JPG,0,45,358,682,512
DSC00943.JPG,145,5,409,682,512
DSC00940.JPG,0,40,409,512,682
DSC00942.JPG,115,0,512,682,512
DSC00956.JPG,45,140,460,512,682
DSC00708.JPG,0,5,512,512,682
DSC00709.JPG,0,170,512,512,682
DSC00710.JPG,0,265,409,512,682
DSC00707.JPG,100,0,409,512,682
DSC001237.JPG,160,0,512,682,512
DSC001238.JPG,160,0,512,682,512
DSC001239.JPG,140,0,512,682,512
DSC001245.JPG,0,205,460,512,682
DSC001244.JPG,55,210,358,512,682
DSC001246.JPG,0,135,358,512,682
DSC001248.JPG,0,220,409,512,682
DSC001249.JPG,0,190,409,512,682
DSC00924.JPG,5,35,460,512,682
DSC00920.JPG,0,109,512,512,682
DSC00539.JPG,50,260,409,512,682
DSC00533.JPG,115,200,358,512,682
DSC00531.JPG,105,105,358,682,512
DSC00921.JPG,85,200,358,512,682
DSC00925.JPG,140,15,409,682,512
DSC00927.JPG,85,100,409,682,512
DSC00926.JPG,67,0,409,682,512
DSC001103.JPG,100,265,409,512,682
DSC01057.JPG,99,197,358,512,682
DSC01052.JPG,105,0,409,682,512
DSC01087.JPG,50,5,409,682,512
DSC01085.JPG,10,50,460,682,512
DSC01088.JPG,0,135,512,512,682
DSC00670.JPG,50,155,409,512,682
DSC00676.JPG,0,60,512,512,682
DSC00661.JPG,0,105,512,512,682
DSC00653.JPG,0,65,512,512,682
DSC001104.JPG,0,45,409,512,682
DSC00654.JPG,60,210,358,512,682
DSC00612.JPG,125,0,512,682,512
DSC00561.JPG,150,285,358,512,682
DSC00674.JPG,100,15,358,512,682
IMG_7350.JPG,0,75,409,512,682
IMG_7349.JPG,15,64,409,512,682
IMG_7451.JPG,25,150,409,512,682
IMG_7452.JPG,0,270,409,512,682
IMG_7288.JPG,0,168,512,512,682
IMG_7290.JPG,0,10,409,512,682
IMG_7289.JPG,0,69,512,512,682
IMG_7286.JPG,0,30,512,512,682
IMG_7366.JPG,0,60,460,512,682
IMG_7365.JPG,0,100,409,512,682
DSC00814.JPG,245,10,409,682,512
DSC001015.JPG,0,69,409,512,682
DSC00813.JPG,0,168,512,512,682
DSC00854.JPG,110,0,460,682,512
DSC00855.JPG,100,255,409,512,682
DSC00895.JPG,0,0,512,682,512
DSC00890.JPG,20,85,358,512,682
DSC00892.JPG,0,77,409,512,682
DSC00891.JPG,45,65,358,512,682
DSC00894.JPG,30,140,460,512,682
DSC00893.JPG,0,255,358,512,682
DSC000975.JPG,10,165,358,512,682
DSC000976.JPG,5,213,409,512,682
DSC000974.JPG,0,165,358,512,682
DSC000995.JPG,0,134,512,512,682
DSC000996.JPG,0,95,512,512,682
DSC000897.JPG,150,110,358,512,682
DSC000889.JPG,20,5,409,512,682
DSC000893.JPG,0,86,512,512,682
DSC000965.JPG,50,0,512,682,512
DSC001097.JPG,90,245,358,512,682
DSC01700.JPG,320,150,358,682,512
DSC000997.JPG,235,125,358,682,512
DSC000828.JPG,0,164,512,512,682
DSC00501.JPG,20,146,358,512,682
DSC00503.JPG,0,205,460,512,682
DSC000972.JPG,90,285,358,512,682
DSC01335.JPG,140,250,358,512,682
DSC01336.JPG,70,320,358,512,682
DSC00870.JPG,125,0,512,682,512
DSC00869.JPG,155,0,512,682,512
IMG_7418.JPG,0,0,512,512,682
DSC001113.JPG,215,0,409,682,512
DSC001112.JPG,104,0,409,682,512
DSC001111.JPG,0,0,512,512,682
DSC001107.JPG,20,0,409,512,682
DSC00965.JPG,0,320,358,512,682
DSC01018.JPG,115,75,358,682,512
DSC01050.JPG,100,50,460,682,512
DSC01051.JPG,50,265,409,512,682
DSC00958.JPG,15,250,358,512,682
DSC00962.JPG,0,205,358,512,682
DSC00961.JPG,0,235,358,512,682
DSC00955.JPG,0,225,358,512,682
DSC00951.JPG,5,105,409,512,682
DSC01089.JPG,0,0,512,512,682
DSC01091.JPG,0,85,512,512,682
DSC01090.JPG,0,110,512,512,682
DSC001109.JPG,0,120,512,512,682
DSC001110.JPG,90,0,512,682,512
DSC001105.JPG,0,75,512,512,682
DSC001106.JPG,50,0,460,512,682
DSC01022.JPG,55,230,409,512,682
DSC01023.JPG,90,270,409,512,682
DSC01006.JPG,155,85,409,682,512
DSC01027.JPG,195,125,358,682,512
DSC01028.JPG,135,85,409,682,512
DSC01029.JPG,85,90,358,512,682
DSC01005.JPG,83,52,409,512,682
DSC01044.JPG,20,101,409,512,3389
DSC01045.JPG,105,405,358,512,2327
DSC00966.JPG,100,15,409,512,682
DSC00957.JPG,79,0,460,682,512
DSC00964.JPG,0,125,358,512,682
DSC00963.JPG,50,150,358,682,512
DSC00984.JPG,145,0,358,512,682
DSC00983.JPG,0,100,512,512,682
DSC00982.JPG,0,90,512,512,682
DSC00981.JPG,0,70,512,512,682
DSC00980.JPG,155,0,512,682,512
DSC00978.JPG,154,0,512,682,512
DSC00979.JPG,255,120,358,682,512
IMG_7310.JPG,55,135,358,512,682
IMG_7309.JPG,55,170,358,512,682
IMG_7458.JPG,215,0,460,682,512
IMG_7466.JPG,95,220,409,512,682
DSC01025.JPG,55,95,358,512,682
DSC01026.JPG,0,130,512,512,682
DSC00976.JPG,150,305,358,512,682
IMG_7385.JPG,160,100,409,682,512
IMG_7383.JPG,15,5,409,682,512
IMG_7384.JPG,110,40,460,682,512
DSC00672.JPG,150,150,358,512,682
DSC00714.JPG,0,20,512,512,682
DSC00677.JPG,75,305,358,512,682
DSC00649.JPG,45,320,358,512,682
DSC00623.JPG,140,105,358,512,682
DSC00631.JPG,0,126,460,512,682
DSC001167.JPG,0,20,512,512,682
DSC001164.JPG,45,20,460,512,682
DSC001165.JPG,0,0,512,512,682
DSC001166.JPG,45,220,460,512,682
DSC01571.JPG,150,185,358,512,682
DSC00615.JPG,0,25,358,512,682
DSC00603.JPG,0,35,512,512,682
DSC00600.JPG,0,25,512,512,682
DSC00608.JPG,120,35,460,682,512
DSC00613.JPG,10,75,409,512,682
DSC00609.JPG,45,270,409,512,682
DSC00606.JPG,5,130,409,512,682
DSC00607.JPG,5,20,460,512,682
DSC00614.JPG,0,145,512,512,682
DSC00562.JPG,40,220,460,512,682
DSC00594.JPG,85,10,358,512,682
DSC00596.JPG,145,225,358,512,682
DSC00595.JPG,100,270,409,512,682
DSC01032.JPG,150,0,358,682,512
DSC01033.JPG,70,10,358,512,682
DSC00972.JPG,38,0,512,682,512
DSC001282.JPG,90,270,358,512,682
DSC00694.JPG,135,110,358,512,682
DSC001313.JPG,0,67,358,512,682
DSC000829.JPG,50,195,460,512,682
DSC00782.JPG,82,35,358,512,682
DSC00781.JPG,0,15,358,512,682
DSC00783.JPG,40,20,358,512,682
DSC00784.JPG,62,85,358,512,682
DSC00771.JPG,70,10,460,682,512
DSC00770.JPG,79,40,409,682,512
DSC01814.JPG,0,0,512,682,512
DSC01815.JPG,97,0,512,682,512
DSC01590.JPG,145,315,358,512,682
DSC01589.JPG,100,125,409,512,682
DSC01587.JPG,310,150,358,682,512
DSC01586.JPG,180,50,460,682,512
DSC01585.JPG,165,35,460,682,512
DSC01584.JPG,120,0,512,682,512
DSC01582.JPG,123,0,512,682,512
DSC01588.JPG,230,100,409,682,512
DSC01581.JPG,128,0,512,682,512
DSC01583.JPG,40,0,512,682,512
DSC00519.JPG,80,135,358,512,682
DSC001001.JPG,45,300,358,512,682
DSC00669.JPG,50,245,358,512,682
DSC00668.JPG,10,250,358,512,682
IMG_7529.JPG,220,50,460,682,512
IMG_7528.JPG,195,50,460,682,512
IMG_7370.JPG,0,0,512,682,512
IMG_7379.JPG,90,50,460,682,512
DSC00809.JPG,234,10,409,682,512
DSC00807.JPG,165,0,512,682,512
DSC00808.JPG,150,0,512,682,512
IMG_7296.JPG,35,100,409,682,512
IMG_7285.JPG,35,0,512,682,512
IMG_7283.JPG,110,145,358,682,512
IMG_7284.JPG,150,150,358,682,512
IMG_7295.JPG,150,85,409,682,512
IMG_7294.JPG,90,90,409,682,512
IMG_7293.JPG,85,100,409,682,512
IMG_7281.JPG,60,100,409,682,512
DSC000832.JPG,0,170,512,512,682
DSC00768.JPG,0,0,512,512,682
DSC00769.JPG,5,57,460,512,682
DSC00688.JPG,30,145,409,512,682
DSC00689.JPG,30,140,409,512,682
DSC01743.JPG,0,45,512,512,682
DSC01744.JPG,0,50,512,512,682
DSC01745.JPG,0,65,512,512,682
DSC01746.JPG,65,255,358,512,682
DSC000985.JPG,10,65,409,682,512
DSC01731.JPG,0,0,512,682,512
DSC01732.JPG,0,90,358,682,512
DSC01727.JPG,5,140,409,512,682
DSC01728.JPG,5,50,460,682,512
DSC01831.JPG,95,150,358,512,682
DSC01808.JPG,0,220,358,512,682
DSC01718.JPG,150,55,358,512,682
DSC01719.JPG,150,50,358,512,682
DSC00823.JPG,0,5,460,512,682
DSC00745.JPG,50,50,460,682,512
DSC00742.JPG,0,50,512,512,682
DSC00598.JPG,50,125,460,512,682
DSC00744.JPG,0,70,512,512,682
DSC00743.JPG,0,15,512,512,682
DSC00741.JPG,35,5,409,512,682
DSC01817.JPG,50,30,460,512,682
DSC000999.JPG,5,65,409,512,682
DSC001000.JPG,0,5,512,512,682
DSC001319.JPG,0,110,512,512,682
DSC01721.JPG,95,175,358,512,682
DSC01720.JPG,50,155,460,512,682
DSC000984.JPG,0,0,358,682,512
DSC000983.JPG,210,50,460,682,512
DSC01729.JPG,210,10,409,682,512
DSC001326.JPG,15,219,460,512,682
DSC01479.JPG,65,0,512,682,512
DSC01478.JPG,0,100,512,512,682
DSC01556.JPG,201,15,409,682,512
DSC01365.JPG,50,210,460,512,682
DSC00862.JPG,150,160,358,512,682
DSC00837.JPG,40,100,460,512,682
DSC00835.JPG,0,80,512,512,682
DSC00836.JPG,0,15,512,512,682
DSC00821.JPG,150,265,358,512,682
DSC00731.JPG,10,150,409,512,682
DSC00732.JPG,50,185,460,512,682
DSC00727.JPG,40,195,409,512,682
DSC00728.JPG,50,215,358,512,682
DSC00898.JPG,45,140,358,512,682
DSC00900.JPG,50,150,358,512,682
DSC00899.JPG,0,5,512,512,682
DSC00901.JPG,110,0,460,682,512
DSC00832.JPG,25,152,460,512,682
DSC00833.JPG,0,95,512,512,682
DSC00831.JPG,0,135,512,512,682
DSC00834.JPG,80,132,358,512,682
DSC00846.JPG,160,0,358,682,512
DSC00841.JPG,0,310,358,512,682
DSC00840.JPG,100,150,409,512,682
DSC00839.JPG,150,45,358,512,682
DSC01795.JPG,150,320,358,512,682
DSC01794.JPG,0,170,512,512,682
DSC01695.JPG,70,113,409,512,682
DSC00824.JPG,100,220,409,512,682
DSC00825.JPG,90,180,409,512,682
DSC001327.JPG,5,0,460,512,682
DSC001292.JPG,47,0,409,512,682
DSC001291.JPG,55,75,409,512,682
DSC001293.JPG,135,0,512,682,512
DSC001309.JPG,155,30,460,682,512
DSC001310.JPG,155,0,460,682,512
DSC001308.JPG,210,100,409,682,512
DSC001307.JPG,180,40,460,682,512
DSC001288.JPG,130,285,358,512,682
DSC001299.JPG,150,106,358,682,512
DSC001300.JPG,95,15,460,682,512
DSC001301.JPG,100,0,460,682,512
DSC001304.JPG,195,20,409,682,512
DSC001306.JPG,205,0,409,682,512
DSC001305.JPG,200,20,409,682,512
DSC001303.JPG,270,0,358,682,512
DSC001302.JPG,250,5,358,682,512
DSC00726.JPG,0,51,512,512,682
DSC00690.JPG,95,20,358,512,682
DSC00696.JPG,150,150,358,512,682
DSC00695.JPG,90,155,358,512,682
DSC000830.JPG,0,0,512,512,682
DSC01425.JPG,0,168,512,512,682
DSC01426.JPG,10,205,460,512,682
DSC01424.JPG,0,145,512,512,682
DSC001329.JPG,30,0,460,512,682
DSC001328.JPG,35,5,460,512,682
DSC01715.JPG,0,130,512,512,682
DSC01714.JPG,0,135,512,512,682
DSC01709.JPG,0,320,358,512,682
DSC01706.JPG,50,300,358,512,682
DSC00887.JPG,85,270,358,512,682
DSC000960.JPG,0,122,358,512,682
DSC00725.JPG,35,200,460,512,682
DSC00549.JPG,220,100,409,682,512
DSC00550.JPG,170,0,512,682,512
DSC00558.JPG,50,105,409,512,682
DSC00552.JPG,105,90,358,512,682
DSC01476.JPG,0,222,460,512,682
DSC00590.JPG,0,0,358,512,682
DSC00586.JPG,105,195,358,512,682
DSC00589.JPG,0,160,512,512,682
DSC00565.JPG,170,150,358,682,512
DSC00627.JPG,77,160,358,512,682
DSC00629.JPG,150,270,358,512,682
DSC00635.JPG,81,207,358,512,682
DSC00628.JPG,0,85,512,512,682
DSC00632.JPG,85,234,409,512,682
DSC00630.JPG,44,25,460,512,682
DSC00636.JPG,100,71,409,512,682
DSC00638.JPG,120,0,358,512,682
DSC00626.JPG,85,65,409,512,682
DSC00624.JPG,35,90,460,512,682
DSC00563.JPG,100,75,358,512,682
DSC01020.JPG,205,30,409,682,512
DSC01021.JPG,165,0,460,682,512
DSC01019.JPG,170,0,512,682,512
DSC01017.JPG,255,110,358,682,512
DSC01015.JPG,150,190,358,512,682
DSC01016.JPG,20,180,409,512,682
DSC00574.JPG,320,150,358,682,512
DSC00573.JPG,0,140,512,512,682
DSC00581.JPG,190,25,460,682,512
DSC00580.JPG,205,10,460,682,512
DSC00570.JPG,50,90,460,512,682
DSC00571.JPG,135,15,460,682,512
DSC00572.JPG,145,30,460,682,512
DSC00577.JPG,95,0,409,512,682
DSC00576.JPG,90,0,409,512,682
DSC00569.JPG,200,50,460,682,512
DSC00568.JPG,100,195,409,512,682
DSC001160.JPG,0,170,512,512,682
DSC001161.JPG,65,250,409,512,682
DSC001231.JPG,115,65,358,512,682
DSC001232.JPG,150,0,358,512,682
DSC001212.JPG,5,220,358,512,682
DSC001213.JPG,0,270,409,512,682
DSC00655.JPG,40,0,409,512,682
DSC00656.JPG,200,0,409,682,512
DSC00657.JPG,215,15,358,682,512
DSC00658.JPG,160,0,358,682,512
DSC00673.JPG,235,0,358,682,512
DSC00560.JPG,70,270,409,512,682
DSC00954.JPG,5,30,409,512,682
DSC00950.JPG,55,0,358,512,682
DSC00975.JPG,0,77,512,512,682
IMG_7307.JPG,0,150,460,512,682
DSC00665.JPG,5,194,460,512,682
DSC001200.JPG,50,85,409,512,682
DSC001214.JPG,0,0,512,512,682
DSC001221.JPG,0,60,512,512,682
DSC001230.JPG,0,150,512,512,682
DSC001228.JPG,45,185,460,512,682
DSC001226.JPG,50,185,358,512,682
DSC001227.JPG,0,160,512,512,682
DSC001220.JPG,50,15,460,512,682
DSC001219.JPG,100,105,358,512,682
DSC001218.JPG,120,105,358,512,682
DSC001217.JPG,120,105,358,512,682
DSC001202.JPG,130,155,358,512,682
DSC001203.JPG,150,0,460,682,512
DSC001196.JPG,135,0,358,682,512
DSC001201.JPG,150,135,358,512,682
DSC00648.JPG,140,60,358,512,682
DSC001215.JPG,95,210,358,512,682
DSC001216.JPG,100,90,358,512,682
DSC001280.JPG,55,200,358,512,682
DSC001242.JPG,100,249,409,512,682
DSC001233.JPG,0,91,409,512,682
DSC001206.JPG,0,100,512,512,682
DSC001253.JPG,30,0,409,512,682
DSC001252.JPG,50,150,358,512,682
DSC001251.JPG,0,0,358,512,682
DSC001236.JPG,0,20,512,512,682
DSC001234.JPG,0,115,512,512,682
DSC001235.JPG,50,150,460,512,682
DSC00798.JPG,0,215,460,512,682
DSC00797.JPG,50,202,460,512,682
DSC00706.JPG,0,75,512,512,682
DSC00718.JPG,50,10,460,512,682
DSC00717.JPG,0,127,460,512,682
DSC00715.JPG,0,159,512,512,682
DSC00716.JPG,0,320,358,512,682
DSC00795.JPG,5,0,409,512,682
DSC00534.JPG,90,190,409,512,682
DSC00532.JPG,90,0,409,512,682
DSC01364.JPG,0,111,409,512,682
DSC000964.JPG,50,70,409,512,682
DSC01330.JPG,0,50,512,512,682
DSC001257.JPG,0,170,512,512,682
DSC01749.JPG,50,220,460,512,682
DSC001003.JPG,100,160,409,512,682
DSC001148.JPG,40,5,460,682,512
DSC001010.JPG,10,60,358,682,512
DSC001009.JPG,0,50,460,682,512
DSC001008.JPG,15,30,460,682,512
DSC01331.JPG,0,10,512,512,682
DSC001140.JPG,45,0,409,512,682
DSC001139.JPG,49,45,460,512,682
DSC001143.JPG,35,145,460,512,682
DSC01061.JPG,0,20,512,512,682
DSC00526.JPG,230,35,409,682,512
DSC01332.JPG,0,0,512,512,682
DSC01333.JPG,0,30,512,512,682
DSC001146.JPG,45,140,409,512,682
DSC001004.JPG,0,190,460,512,682
DSC001095.JPG,85,100,358,512,682
DSC01066.JPG,100,255,409,512,682
DSC01076.JPG,0,33,512,512,682
DSC01361.JPG,15,123,358,512,682
DSC000998.JPG,0,177,460,512,682
DSC00875.JPG,100,0,409,512,682
DSC00913.JPG,49,175,460,512,682
DSC000834.JPG,0,220,460,512,682
DSC001147.JPG,0,95,512,512,682
DSC01752.JPG,5,140,460,512,682
DSC01778.JPG,0,10,358,512,682
DSC01772.JPG,0,110,409,512,682
DSC01774.JPG,65,140,409,512,682
DSC01773.JPG,30,109,409,512,682
DSC01771.JPG,15,245,409,512,682
DSC01770.JPG,10,165,409,512,682
DSC01767.JPG,0,150,460,512,682
DSC01768.JPG,0,155,512,512,682
DSC01769.JPG,0,130,409,512,682
DSC01766.JPG,110,185,358,512,682
DSC01799.JPG,0,80,512,512,682
DSC01798.JPG,79,0,512,682,512
DSC01800.JPG,15,190,358,512,682
DSC01801.JPG,0,210,358,512,682
DSC01775.JPG,30,220,460,512,682
DSC01776.JPG,145,65,358,512,682
DSC01803.JPG,0,320,358,512,682
DSC01793.JPG,0,0,409,512,682
DSC01734.JPG,15,110,358,512,682
DSC01733.JPG,0,30,512,512,682
DSC00886.JPG,0,36,512,512,682
DSC00820.JPG,0,150,512,512,682
DSC00827.JPG,111,0,358,512,682
DSC01377.JPG,34,265,409,512,682
IMG_7594.JPG,200,50,460,682,512
DSC01821.JPG,105,40,358,682,512
DSC01819.JPG,51,37,409,512,682
DSC01429.JPG,0,127,460,512,682
DSC01430.JPG,0,150,512,512,682
DSC01431.JPG,0,95,512,512,682
DSC01428.JPG,0,20,512,512,682
DSC01427.JPG,0,110,512,512,682
IMG_7599.JPG,235,55,358,682,512
IMG_7598.JPG,140,240,358,512,682
IMG_7595.JPG,280,0,358,682,512
DSC01791.JPG,0,90,512,512,682
DSC01777.JPG,0,20,409,512,682
DSC01787.JPG,100,115,409,512,682
DSC00838.JPG,150,310,358,512,682
DSC00849.JPG,69,0,409,682,512
DSC00848.JPG,0,70,409,512,682
DSC00851.JPG,44,130,460,512,682
DSC00852.JPG,150,145,358,512,682
DSC00853.JPG,0,0,512,512,682
DSC000774.JPG,0,170,512,512,682
DSC00850.JPG,0,62,409,512,682
DSC00517.JPG,20,195,409,512,682
DSC00528.JPG,71,100,409,682,512
DSC001260.JPG,80,95,409,512,682
DSC001259.JPG,60,150,358,512,682
DSC001261.JPG,50,105,460,512,682
DSC001190.JPG,200,105,358,682,512
DSC001191.JPG,100,165,409,512,682
DSC01013.JPG,50,150,460,512,682
DSC01014.JPG,0,140,409,512,682
DSC001163.JPG,150,105,358,512,682
DSC01676.JPG,0,0,512,512,682
DSC01599.JPG,130,135,358,682,512
DSC01600.JPG,110,100,409,682,512
DSC01438.JPG,0,105,512,512,682
DSC01437.JPG,30,100,460,512,682
DSC01436.JPG,60,140,409,512,682
DSC01435.JPG,55,140,409,512,682
DSC00912.JPG,52,67,409,682,512
DSC01748.JPG,0,0,358,512,682
DSC00525.JPG,29,25,409,512,682
DSC00513.JPG,0,55,512,512,682
DSC00514.JPG,150,5,409,682,512
DSC001142.JPG,25,260,409,512,682
DSC001132.JPG,0,139,512,512,682
DSC001137.JPG,0,166,512,512,682
DSC001136.JPG,100,0,409,512,682
DSC001133.JPG,58,111,409,512,682
DSC001134.JPG,90,85,409,682,512
DSC001002.JPG,50,177,460,512,682
DSC001014.JPG,59,172,358,512,682
DSC01354.JPG,80,230,409,512,682
DSC01355.JPG,90,185,409,512,682
DSC01352.JPG,95,240,409,512,682
DSC01350.JPG,95,115,409,512,682
DSC01351.JPG,135,75,358,512,682
DSC01356.JPG,0,28,512,512,682
DSC01357.JPG,35,0,409,512,682
DSC01353.JPG,0,150,512,512,682
DSC01349.JPG,175,45,409,682,512
DSC01348.JPG,0,135,512,512,682
DSC01347.JPG,0,165,512,512,682
DSC00516.JPG,0,0,512,512,682
DSC00889.JPG,50,35,460,512,682
DSC00888.JPG,40,110,460,512,682
DSC00547.JPG,50,55,460,512,682
DSC001135.JPG,95,240,409,512,682
DSC001131.JPG,0,0,512,512,682
DSC001138.JPG,0,80,409,512,682
DSC00748.JPG,5,0,460,512,682
DSC000746.JPG,145,205,358,512,682
DSC00746.JPG,145,205,358,512,682
DSC00523.JPG,220,50,460,682,512
DSC00772.JPG,100,250,409,512,682
DSC00773.JPG,150,280,358,512,682
DSC00524.JPG,205,145,358,682,512
DSC00861.JPG,50,250,409,512,682
DSC00882.JPG,20,50,460,682,512
DSC00883.JPG,35,95,409,682,512
DSC00815.JPG,0,255,358,512,682
DSC01064.JPG,49,28,460,512,682
DSC01065.JPG,45,5,460,512,682
DSC01063.JPG,40,0,409,512,682
DSC01062.JPG,0,120,460,512,682
DSC01693.JPG,0,25,358,512,682
DSC01750.JPG,169,0,512,682,512
DSC000962.JPG,0,125,512,512,682
DSC000961.JPG,0,160,512,512,682
DSC000963.JPG,15,105,358,512,682
DSC01519.JPG,0,5,512,512,682
IMG_7554.JPG,150,100,409,682,512
IMG_7557.JPG,150,0,512,682,512
IMG_7558.JPG,150,0,512,682,512
IMG_7559.JPG,115,0,512,682,512
IMG_7556.JPG,145,0,512,682,512
IMG_7560.JPG,0,145,358,682,512
IMG_7561.JPG,0,112,358,682,512
IMG_7555.JPG,60,100,409,682,512
DSC000777.JPG,70,225,358,512,682
DSC00844.JPG,0,136,409,512,682
DSC00843.JPG,0,107,460,512,682
DSC00826.JPG,0,151,512,512,682
DSC00842.JPG,85,54,409,512,682
DSC00845.JPG,5,45,460,682,512
DSC00847.JPG,0,5,460,682,512
DSC01532.JPG,0,145,409,512,682
DSC00786.JPG,205,100,409,682,512
DSC000766.JPG,65,215,409,512,682
DSC000773.JPG,95,265,409,512,682
DSC001316.JPG,40,195,460,512,682
DSC001315.JPG,0,200,460,512,682
DSC001286.JPG,50,145,460,512,682
DSC001289.JPG,70,175,358,512,682
DSC001290.JPG,91,155,358,512,682
DSC001276.JPG,35,150,460,512,682
DSC001277.JPG,40,50,460,512,682
DSC001275.JPG,0,0,460,512,682
DSC001209.JPG,0,50,358,512,682
DSC001208.JPG,0,50,358,512,682
DSC001158.JPG,50,115,460,512,682
DSC001159.JPG,40,100,460,512,682
DSC001157.JPG,195,0,409,682,512
DSC001156.JPG,95,115,409,512,682
DSC001207.JPG,30,154,409,512,682
DSC001170.JPG,100,270,409,512,682
DSC001172.JPG,40,80,460,512,682
DSC001171.JPG,0,74,512,512,682
DSC001183.JPG,5,310,358,512,682
DSC001180.JPG,80,300,358,512,682
DSC001177.JPG,0,255,409,512,682
DSC001176.JPG,5,180,409,512,682
DSC001182.JPG,90,320,358,512,682
DSC001169.JPG,100,110,409,512,682
DSC001173.JPG,100,145,358,512,682
DSC001178.JPG,100,205,358,512,682
DSC001168.JPG,150,30,358,512,682
DSC001175.JPG,50,105,460,512,682
DSC001174.JPG,50,5,460,512,682
DSC001181.JPG,40,320,358,512,682
DSC001179.JPG,35,195,460,512,682
DSC001187.JPG,150,0,358,512,682
DSC001198.JPG,130,25,358,512,682
DSC001250.JPG,20,60,409,512,682
DSC001278.JPG,45,95,409,512,682
DSC00556.JPG,50,210,460,512,682
DSC00559.JPG,100,190,409,512,682
DSC00566.JPG,25,165,460,512,682
DSC00555.JPG,0,100,409,682,512
DSC001223.JPG,50,205,460,512,682
DSC001243.JPG,115,30,358,512,682
DSC001240.JPG,100,50,409,512,682
DSC001229.JPG,75,270,409,512,682
DSC001211.JPG,150,0,358,682,512
DSC001224.JPG,0,135,512,512,682
DSC001225.JPG,0,160,512,512,682
DSC00973.JPG,5,50,409,682,512
DSC01687.JPG,0,305,358,512,682
DSC01685.JPG,150,0,358,512,682
DSC001210.JPG,10,260,409,512,682
DSC001199.JPG,0,40,512,512,682
DSC001194.JPG,0,70,358,512,682
DSC001195.JPG,40,155,358,512,682
DSC001192.JPG,45,250,358,512,682
DSC001193.JPG,55,250,358,512,682
DSC001188.JPG,0,55,512,512,682
DSC001189.JPG,0,205,358,512,682
DSC001186.JPG,0,0,460,512,682
DSC001185.JPG,0,20,512,512,682
DSC001184.JPG,105,135,358,512,682
DSC00700.JPG,150,220,358,512,682
DSC00701.JPG,140,245,358,512,682
DSC00567.JPG,40,220,460,512,682
DSC00620.JPG,0,98,409,512,682
DSC00618.JPG,10,134,358,512,682
DSC001241.JPG,150,15,358,512,682
DSC00662.JPG,50,305,358,512,682
DSC00659.JPG,0,75,512,512,682
DSC00640.JPG,0,10,512,512,682
DSC00647.JPG,140,0,358,512,682
DSC00667.JPG,50,195,409,512,682
DSC00666.JPG,70,100,409,512,682
DSC00542.JPG,0,240,409,512,682
DSC00541.JPG,100,270,409,512,682
DSC00663.JPG,145,130,358,512,682
DSC01080.JPG,15,25,409,682,512
DSC01081.JPG,0,29,409,682,512
DSC01082.JPG,25,25,409,682,512
DSC00652.JPG,260,100,409,682,512
DSC001222.JPG,96,0,460,682,512
DSC001269.JPG,140,305,358,512,682
DSC001270.JPG,150,35,358,512,682
DSC001268.JPG,5,150,460,512,682
DSC001272.JPG,30,270,409,512,682
DSC001273.JPG,90,170,409,512,682
DSC001271.JPG,15,10,460,512,682
DSC00644.JPG,100,230,409,512,682
DSC00645.JPG,38,0,409,512,682
DSC00641.JPG,0,165,358,512,682
DSC00664.JPG,0,219,460,512,682
DSC001197.JPG,85,300,358,512,682
DSC00634.JPG,0,640,512,512,2327
DSC00622.JPG,0,0,512,512,682
DSC00637.JPG,150,10,358,512,682
DSC01542.JPG,62,96,409,512,682
DSC01539.JPG,195,40,460,682,512
DSC01538.JPG,200,40,460,682,512
DSC01540.JPG,180,15,460,682,512
DSC01536.JPG,270,10,409,682,512
DSC01535.JPG,85,90,409,512,682
DSC01551.JPG,95,260,409,512,682
DSC01552.JPG,310,150,358,682,512
DSC01368.JPG,165,100,409,682,512
DSC01367.JPG,100,250,409,512,682
DSC01362.JPG,45,255,358,512,682
DSC01374.JPG,45,40,409,512,682
DSC01372.JPG,0,10,512,512,682
DSC01371.JPG,40,200,460,512,682
DSC01363.JPG,105,320,358,512,682
DSC01530.JPG,10,255,409,512,682
DSC001127.JPG,0,215,409,512,682
DSC001125.JPG,0,60,358,512,682
DSC001126.JPG,45,0,358,512,682
DSC001128.JPG,10,155,409,512,682
DSC001129.JPG,25,197,358,512,682
DSC001130.JPG,50,105,358,512,682
DSC01459.JPG,50,220,460,512,682
DSC01460.JPG,34,160,460,512,682
DSC01629.JPG,0,320,358,512,682
DSC01529.JPG,50,145,358,512,682
DSC01526.JPG,0,140,512,512,682
DSC01528.JPG,5,55,460,512,682
DSC01527.JPG,50,200,460,512,682
DSC01521.JPG,5,105,460,512,682
DSC01522.JPG,0,0,512,512,682
DSC01386.JPG,25,270,409,512,682
DSC01419.JPG,95,175,358,512,682
DSC01398.JPG,15,167,460,512,682
DSC01399.JPG,110,230,358,512,682
DSC01395.JPG,250,65,358,682,512
DSC01401.JPG,100,35,409,512,682
DSC01394.JPG,255,30,358,682,512
DSC01393.JPG,195,40,358,682,512
DSC01403.JPG,100,120,409,512,682
DSC01402.JPG,100,100,409,512,682
DSC01383.JPG,195,85,409,682,512
DSC01382.JPG,95,150,409,512,682
DSC01381.JPG,120,200,358,512,682
DSC01384.JPG,60,0,409,512,682
DSC01385.JPG,50,35,409,512,682
DSC01416.JPG,0,168,512,512,682
DSC01417.JPG,0,155,512,512,682
DSC01418.JPG,0,145,512,512,682
DSC01413.JPG,49,219,460,512,682
DSC01414.JPG,0,168,512,512,682
DSC01415.JPG,50,180,460,512,682
DSC01411.JPG,90,140,358,512,682
DSC01412.JPG,0,49,460,512,682
DSC01404.JPG,320,150,358,682,512
DSC01405.JPG,0,90,460,512,682
DSC01406.JPG,50,145,358,512,682
DSC01397.JPG,0,134,512,512,682
DSC01396.JPG,80,115,409,512,682
DSC01409.JPG,39,204,409,512,682
DSC01410.JPG,25,250,409,512,682
DSC01380.JPG,0,220,460,512,682
DSC01391.JPG,29,270,409,512,682
DSC01390.JPG,50,220,460,512,682
DSC01388.JPG,45,110,460,512,682
DSC01387.JPG,45,65,409,512,682
DSC01389.JPG,65,0,409,512,682
DSC01392.JPG,65,70,358,512,682
DSC01400.JPG,10,30,460,512,682
DSC01518.JPG,15,180,460,512,682
DSC01496.JPG,95,0,358,512,682
DSC01494.JPG,15,165,460,512,682
DSC01500.JPG,10,0,460,512,682
DSC01498.JPG,0,130,460,512,682
DSC01499.JPG,45,85,409,512,682
DSC01580.JPG,105,45,358,512,682
DSC01572.JPG,0,5,460,512,682
DSC01574.JPG,45,65,358,512,682
DSC01575.JPG,150,0,358,512,682
DSC01560.JPG,50,5,409,512,682
DSC01564.JPG,95,0,409,682,512
DSC01566.JPG,100,100,409,682,512
DSC01562.JPG,45,0,512,682,512
DSC01561.JPG,25,121,409,512,682
DSC01565.JPG,0,0,512,682,512
DSC01563.JPG,50,0,512,682,512
DSC01567.JPG,67,151,358,682,512
DSC01480.JPG,0,65,409,512,682
DSC01523.JPG,0,130,512,512,682
DSC01524.JPG,70,184,409,512,682
DSC01525.JPG,0,120,409,512,682
DSC01470.JPG,55,255,358,512,682
DSC01474.JPG,200,45,358,682,512
DSC01473.JPG,0,0,358,682,512
DSC01557.JPG,105,185,358,512,682
DSC01569.JPG,150,170,358,512,682
DSC01570.JPG,145,195,358,512,682
DSC01559.JPG,45,75,460,512,682
DSC01568.JPG,150,105,358,512,682
DSC01558.JPG,145,110,358,512,682
DSC01577.JPG,50,100,460,512,682
DSC01531.JPG,95,270,409,512,682
DSC01576.JPG,90,185,358,512,682
DSC01492.JPG,240,35,409,682,512
DSC01491.JPG,140,35,460,682,512
DSC01598.JPG,0,170,512,512,682
DSC01597.JPG,225,150,358,682,512
DSC01689.JPG,25,210,460,512,682
DSC01690.JPG,5,219,460,512,682
DSC01691.JPG,0,113,512,512,682
DSC01678.JPG,45,125,358,512,682
DSC01452.JPG,0,135,512,512,682
DSC01453.JPG,0,150,512,512,682
DSC01450.JPG,0,75,460,512,682
DSC01454.JPG,5,125,409,512,682
DSC01455.JPG,0,140,512,512,682
DSC01448.JPG,95,265,409,512,682
DSC01451.JPG,0,35,512,512,682
DSC01446.JPG,0,51,512,512,682
DSC01441.JPG,0,180,460,512,682
DSC01442.JPG,10,185,460,512,682
DSC01443.JPG,15,200,460,512,682
DSC01444.JPG,29,265,409,512,682
DSC01445.JPG,55,30,358,512,682
DSC01456.JPG,5,0,460,512,682
DSC01675.JPG,35,112,460,512,682
DSC01654.JPG,0,85,512,512,682
DSC01642.JPG,45,140,460,512,682
DSC01637.JPG,50,0,460,512,682
DSC01641.JPG,0,120,409,512,682
DSC01639.JPG,0,55,409,512,682
DSC01638.JPG,20,57,409,512,682
DSC01640.JPG,5,100,409,512,682
DSC01449.JPG,15,10,409,512,682
DSC01447.JPG,60,45,358,512,682
DSC01461.JPG,25,154,358,512,682
DSC01677.JPG,80,0,512,682,512
DSC01635.JPG,0,170,512,512,682
DSC01636.JPG,50,220,409,512,682
DSC01493.JPG,40,15,460,512,682
DSC01497.JPG,45,145,409,512,682
DSC00646.JPG,135,150,358,512,682
DSC01464.JPG,28,0,512,682,512
DSC01463.JPG,95,0,512,682,512
DSC01462.JPG,0,85,512,512,682
DSC01593.JPG,30,170,358,512,682
DSC01594.JPG,0,145,358,512,682
DSC01596.JPG,75,105,409,512,682
DSC01595.JPG,0,81,409,512,682
DSC01591.JPG,50,25,460,512,682
DSC01592.JPG,10,95,460,512,682
DSC00699.JPG,0,84,512,512,682
DSC01741.JPG,150,205,358,512,682
DSC01042.JPG,150,0,358,512,682
DSC01043.JPG,150,5,358,512,682
DSC01490.JPG,80,0,358,512,682
DSC01012.JPG,150,250,358,512,682
DSC01686.JPG,0,235,409,512,682
DSC01489.JPG,30,15,409,512,682
DSC01373.JPG,45,161,460,512,682
DSC01488.JPG,50,0,460,512,682
DSC00909.JPG,135,50,460,682,512
DSC00907.JPG,0,100,512,512,682
DSC00908.JPG,5,180,409,512,682
IMG_7396.JPG,90,50,409,682,512
IMG_7352.JPG,146,10,409,682,512
IMG_7353.JPG,151,67,409,682,512
IMG_7395.JPG,0,50,460,682,512
DSC00722.JPG,50,20,460,512,682
DSC000831.JPG,100,105,409,512,682
DSC01708.JPG,0,0,512,512,682
DSC01707.JPG,45,70,460,512,682
DSC000990.JPG,0,40,512,512,682
DSC000989.JPG,168,0,512,682,512
DSC01697.JPG,130,35,460,682,512
DSC000772.JPG,50,55,460,512,682
DSC000771.JPG,29,156,358,512,682
DSC000770.JPG,130,145,358,512,682
DSC000992.JPG,50,270,409,512,682
DSC001296.JPG,169,0,512,682,512
DSC001297.JPG,165,0,512,682,512
DSC001294.JPG,140,0,512,682,512
DSC001295.JPG,135,0,512,682,512
DSC001162.JPG,150,180,358,512,682
DSC01544.JPG,15,112,460,512,682
DSC01545.JPG,60,215,358,512,682
DSC01543.JPG,100,270,409,512,682
DSC01546.JPG,0,84,512,512,682
DSC01573.JPG,95,320,358,512,682
DSC01550.JPG,100,0,358,512,682
DSC01549.JPG,55,205,358,512,682
DSC01547.JPG,100,320,358,512,682
DSC01541.JPG,15,0,409,512,682
DSC01555.JPG,10,50,358,512,682
DSC01554.JPG,50,0,358,512,682
DSC01553.JPG,5,265,409,512,682
DSC01495.JPG,0,20,409,512,682
DSC01408.JPG,25,88,358,512,682
DSC00876.JPG,310,95,358,682,512
DSC01434.JPG,100,75,409,512,682
DSC01432.JPG,10,270,409,512,682
DSC000938.JPG,150,0,358,512,682
DSC000937.JPG,100,0,409,512,682
DSC000936.JPG,34,79,460,512,682
DSC000935.JPG,0,5,460,512,682
DSC000934.JPG,55,154,358,512,682
DSC00751.JPG,40,220,460,512,682
DSC001152.JPG,40,20,460,512,682
DSC001153.JPG,50,100,460,512,682
DSC00747.JPG,0,129,358,512,682
DSC00515.JPG,150,220,358,512,682
DSC00857.JPG,25,111,460,512,682
DSC00856.JPG,20,147,460,512,682
DSC00860.JPG,0,115,460,512,682
DSC00859.JPG,90,10,460,682,512
DSC00858.JPG,135,50,460,682,512
DSC01440.JPG,75,0,409,512,682
DSC01334.JPG,125,80,358,682,512
DSC00505.JPG,96,0,512,682,512
DSC000896.JPG,100,121,409,512,682
DSC000891.JPG,15,166,358,512,682
DSC000940.JPG,0,10,512,512,682
DSC000939.JPG,45,180,409,512,682
DSC000941.JPG,150,0,358,512,682
DSC01068.JPG,0,79,409,512,682
DSC01069.JPG,0,140,512,512,682
DSC01071.JPG,175,30,409,682,512
DSC01070.JPG,99,0,512,682,512
DSC01072.JPG,77,40,460,682,512
DSC01067.JPG,0,169,512,512,682
DSC001026.JPG,120,320,358,512,682
DSC001027.JPG,130,290,358,512,682
DSC01472.JPG,0,20,409,512,682
DSC01471.JPG,20,106,409,512,682
DSC01475.JPG,10,145,358,512,682
DSC01477.JPG,0,35,460,512,682
DSC01469.JPG,15,220,460,512,682
DSC00914.JPG,0,10,512,512,682
DSC00915.JPG,0,60,409,512,682
DSC00687.JPG,0,45,358,512,682
DSC001118.JPG,140,15,358,512,682
DSC001119.JPG,100,0,358,512,682
DSC01738.JPG,100,230,409,512,682
DSC01740.JPG,50,45,460,512,682
DSC01739.JPG,0,0,460,512,682
DSC01737.JPG,70,35,358,512,682
DSC01712.JPG,0,20,460,512,682
DSC001024.JPG,0,215,460,512,682
DSC001016.JPG,40,0,460,512,682
DSC001017.JPG,60,215,358,512,682
DSC001022.JPG,0,85,512,512,682
DSC001025.JPG,75,55,409,512,682
DSC001023.JPG,0,73,460,512,682
DSC001018.JPG,60,0,512,682,512
DSC001019.JPG,0,0,409,682,512
DSC001020.JPG,30,10,409,682,512
DSC001013.JPG,92,170,409,512,682
DSC001011.JPG,50,40,460,512,682
DSC001012.JPG,90,80,409,512,682
DSC00919.JPG,42,144,358,512,682
DSC000973.JPG,120,275,358,512,682
DSC000981.JPG,100,187,409,512,682
DSC01376.JPG,0,135,512,512,682
DSC01705.JPG,60,65,409,512,682
DSC00817.JPG,85,208,409,512,682
DSC01713.JPG,156,0,460,682,512
DSC00818.JPG,30,155,409,512,682
DSC001029.JPG,0,120,512,512,682
DSC000978.JPG,20,15,409,512,682
DSC001144.JPG,5,208,409,512,682
DSC001145.JPG,0,126,409,512,682
DSC001141.JPG,0,130,512,512,682
DSC01375.JPG,0,44,460,512,682
